1.411,0.113
1.411,0.109
1.411,0.105
1.411,0.102
1.411,0.099
1.411,0.095
1.411,0.092
1.411,0.089
1.411,0.086
1.411,0.083
1.411,0.079
1.411,0.076
1.411,0.073
1.411,0.071
1.411,0.068
1.411,0.065
1.411,0.062
1.411,0.059
1.411,0.056
1.411,0.053
1.411,0.051
1.411,0.048
1.411,0.045
1.411,0.042
1.411,0.039
1.411,0.036
1.411,0.034
1.411,0.031
1.411,0.028
1.411,0.025
1.411,0.022
1.411,0.019
1.411,0.016
1.411,0.013
1.411,0.010
1.411,0.006
1.411,0.003
1.411,-0.000
1.411,-0.004
1.411,-0.007
1.411,-0.011
1.411,-0.014
1.411,-0.018
1.411,-0.022
1.411,-0.026
1.411,-0.030
1.411,-0.034
1.411,-0.039
1.411,-0.043
1.411,-0.048
1.411,-0.053
1.411,-0.059
1.411,-0.064
1.410,-0.069
1.411,-0.076
1.411,-0.083
1.411,-0.090
1.410,-0.096
1.412,-0.105
1.412,-0.114
1.412,-0.123
1.410,-0.131
1.412,-0.143
1.411,-0.153
1.410,-0.165
1.410,-0.178
1.410,-0.194
1.411,-0.212
1.412,-0.234
1.410,-0.250
1.412,-0.280
1.410,-0.303
1.412,-0.346
1.411,-0.381
1.409,-0.424
1.408,-0.476
1.414,-0.584
1.413,-0.685
1.413,-0.825
1.412,-1.032
1.402,-1.245
1.369,-1.245
1.336,-1.245
1.304,-1.245
1.271,-1.245
1.239,-1.245
1.206,-1.245
1.173,-1.245
1.049,-1.995
1.171,-0.817
1.171,-0.689
1.171,-0.593
1.171,-0.518
1.171,-0.458
1.171,-0.409
1.171,-0.369
1.171,-0.334
1.171,-0.304
1.171,-0.278
1.171,-0.256
1.171,-0.236
1.167,-0.225
1.020,-0.495
1.002,-0.495
0.984,-0.495
0.966,-0.495
0.947,-0.495
0.927,-0.495
0.915,-0.483
0.915,-0.456
0.915,-0.430
0.915,-0.406
0.915,-0.384
0.915,-0.362
0.915,-0.342
0.915,-0.323
0.915,-0.305
0.915,-0.287
0.915,-0.271
0.915,-0.255
0.915,-0.239
0.915,-0.224
0.915,-0.210
0.915,-0.196
0.915,-0.183
0.915,-0.170
0.915,-0.157
0.915,-0.145
0.915,-0.133
0.916,-0.122
0.916,-0.110
0.916,-0.099
0.916,-0.088
0.916,-0.077
0.916,-0.067
0.916,-0.056
0.916,-0.046
0.916,-0.036
0.916,-0.026
0.916,-0.016
0.916,-0.006
0.916,0.004
0.916,0.014
0.916,0.023
0.916,0.033
0.916,0.043
0.916,0.052
0.916,0.062
0.916,0.072
0.916,0.081
0.916,0.091
0.916,0.101
0.916,0.111
0.916,0.121
0.916,0.131
0.916,0.141
0.916,0.151
0.916,0.161
0.916,0.172
0.916,0.183
0.916,0.193
0.916,0.205
0.916,0.216
0.916,0.227
0.916,0.239
0.920,0.249
0.940,0.251
1.358,0.113
1.358,0.109
1.358,0.106
1.358,0.102
1.358,0.099
1.358,0.095
1.358,0.092
1.358,0.089
1.358,0.086
1.358,0.083
1.358,0.079
1.358,0.076
1.358,0.073
1.358,0.071
1.358,0.068
1.358,0.065
1.358,0.062
1.358,0.059
1.358,0.056
1.358,0.053
1.358,0.051
1.358,0.048
1.358,0.045
1.358,0.042
1.358,0.039
1.358,0.036
1.358,0.033
1.358,0.031
1.358,0.028
1.358,0.025
1.358,0.022
1.358,0.019
1.359,0.016
1.359,0.013
1.359,0.009
1.359,0.006
1.359,0.003
1.359,-0.000
1.359,-0.004
1.359,-0.007
1.359,-0.011
1.359,-0.014
1.359,-0.018
1.359,-0.022
1.359,-0.026
1.359,-0.030
1.359,-0.034
1.359,-0.039
1.359,-0.044
1.359,-0.048
1.359,-0.053
1.359,-0.059
1.359,-0.064
1.358,-0.069
1.359,-0.076
1.359,-0.083
1.359,-0.090
1.358,-0.096
1.359,-0.106
1.359,-0.114
1.359,-0.123
1.358,-0.131
1.359,-0.143
1.358,-0.154
1.358,-0.165
1.358,-0.179
1.358,-0.194
1.359,-0.212
1.360,-0.234
1.357,-0.250
1.359,-0.280
1.357,-0.303
1.360,-0.347
1.359,-0.382
1.357,-0.424
1.356,-0.477
1.362,-0.585
1.361,-0.686
1.360,-0.826
1.360,-1.034
1.345,-1.193
1.314,-1.193
1.282,-1.193
1.251,-1.193
1.220,-1.193
1.189,-1.193
1.157,-1.193
1.126,-1.193
1.002,-1.943
1.118,-0.816
1.118,-0.688
1.118,-0.592
1.118,-0.517
1.118,-0.458
1.118,-0.409
1.118,-0.368
1.118,-0.334
1.118,-0.304
1.118,-0.278
1.118,-0.255
1.118,-0.235
1.118,-0.217
1.118,-0.201
1.118,-0.186
1.118,-0.173
1.111,-0.173
0.928,-0.443
0.910,-0.442
0.892,-0.442
0.873,-0.442
0.863,-0.430
0.863,-0.406
0.863,-0.384
0.863,-0.362
0.863,-0.342
0.863,-0.323
0.863,-0.305
0.863,-0.287
0.863,-0.270
0.863,-0.254
0.863,-0.239
0.863,-0.224
0.863,-0.210
0.863,-0.196
0.863,-0.183
0.863,-0.170
0.863,-0.157
0.863,-0.145
0.863,-0.133
0.863,-0.121
0.863,-0.110
0.863,-0.099
0.863,-0.088
0.863,-0.077
0.863,-0.067
0.863,-0.056
0.863,-0.046
0.863,-0.036
0.863,-0.026
0.863,-0.016
0.863,-0.006
0.863,0.004
0.863,0.014
0.863,0.023
0.863,0.033
0.863,0.043
0.863,0.052
0.863,0.062
0.863,0.072
0.864,0.081
0.864,0.091
0.864,0.101
0.864,0.111
0.864,0.121
0.864,0.131
0.864,0.141
0.864,0.151
0.864,0.161
0.864,0.172
0.864,0.183
0.864,0.193
0.864,0.205
0.864,0.216
0.864,0.227
0.864,0.239
0.864,0.251
0.864,0.264
1.305,0.113
1.305,0.109
1.305,0.106
1.305,0.102
1.305,0.099
1.305,0.095
1.305,0.092
1.305,0.089
1.305,0.086
1.305,0.083
1.305,0.080
1.305,0.076
1.305,0.074
1.305,0.071
1.305,0.068
1.305,0.065
1.305,0.062
1.305,0.059
1.305,0.056
1.305,0.053
1.305,0.051
1.305,0.048
1.305,0.045
1.305,0.042
1.305,0.039
1.305,0.036
1.305,0.033
1.305,0.031
1.305,0.028
1.305,0.025
1.305,0.022
1.305,0.019
1.305,0.016
1.305,0.013
1.305,0.009
1.305,0.006
1.305,0.003
1.305,-0.000
1.305,-0.004
1.305,-0.007
1.305,-0.011
1.305,-0.014
1.305,-0.018
1.305,-0.022
1.305,-0.026
1.305,-0.030
1.305,-0.035
1.305,-0.039
1.305,-0.044
1.305,-0.048
1.305,-0.054
1.305,-0.059
1.305,-0.064
1.305,-0.070
1.306,-0.077
1.305,-0.083
1.306,-0.090
1.305,-0.096
1.306,-0.106
1.306,-0.114
1.306,-0.124
1.305,-0.131
1.306,-0.144
1.305,-0.154
1.305,-0.165
1.305,-0.179
1.305,-0.194
1.305,-0.213
1.306,-0.235
1.304,-0.251
1.306,-0.281
1.304,-0.304
1.307,-0.347
1.305,-0.382
1.304,-0.425
1.302,-0.478
1.308,-0.586
1.308,-0.687
1.307,-0.827
1.307,-1.036
1.287,-1.139
1.257,-1.139
1.227,-1.139
1.198,-1.139
1.168,-1.139
1.138,-1.139
1.108,-1.139
1.078,-1.139
0.955,-1.889
1.065,-0.815
1.065,-0.687
1.065,-0.591
1.065,-0.516
1.065,-0.457
1.065,-0.408
1.065,-0.368
1.065,-0.333
1.065,-0.304
1.065,-0.278
1.065,-0.255
1.065,-0.235
1.065,-0.217
1.065,-0.201
1.065,-0.186
1.065,-0.172
1.065,-0.160
1.065,-0.149
1.065,-0.138
1.065,-0.129
1.065,-0.120
1.058,-0.119
0.824,-0.389
0.810,-0.383
0.810,-0.362
0.810,-0.342
0.810,-0.323
0.810,-0.304
0.810,-0.287
0.810,-0.270
0.810,-0.254
0.810,-0.239
0.810,-0.224
0.810,-0.210
0.810,-0.196
0.810,-0.183
0.810,-0.170
0.810,-0.157
0.810,-0.145
0.810,-0.133
0.810,-0.121
0.810,-0.110
0.810,-0.099
0.810,-0.088
0.810,-0.077
0.810,-0.066
0.810,-0.056
0.810,-0.046
0.810,-0.036
0.810,-0.026
0.810,-0.016
0.810,-0.006
0.810,0.004
0.810,0.014
0.810,0.023
0.810,0.033
0.810,0.043
0.810,0.052
0.810,0.062
0.810,0.072
0.810,0.081
0.810,0.091
0.810,0.101
0.810,0.111
0.810,0.121
0.810,0.131
0.811,0.141
0.811,0.151
0.811,0.161
0.811,0.172
0.811,0.183
0.811,0.193
0.811,0.205
0.811,0.216
0.811,0.227
0.811,0.239
0.811,0.251
0.811,0.264
1.254,0.113
1.254,0.109
1.254,0.106
1.254,0.102
1.254,0.099
1.254,0.095
1.254,0.092
1.254,0.089
1.254,0.086
1.254,0.083
1.254,0.080
1.254,0.077
1.254,0.074
1.254,0.071
1.254,0.068
1.254,0.065
1.254,0.062
1.254,0.059
1.254,0.056
1.254,0.053
1.254,0.051
1.254,0.048
1.254,0.045
1.254,0.042
1.254,0.039
1.254,0.036
1.254,0.033
1.254,0.031
1.254,0.028
1.254,0.025
1.254,0.022
1.254,0.019
1.254,0.016
1.254,0.013
1.254,0.009
1.254,0.006
1.254,0.003
1.254,-0.000
1.254,-0.004
1.254,-0.007
1.254,-0.011
1.254,-0.015
1.254,-0.018
1.254,-0.022
1.254,-0.026
1.254,-0.030
1.254,-0.035
1.254,-0.039
1.254,-0.044
1.254,-0.049
1.254,-0.054
1.254,-0.059
1.254,-0.064
1.254,-0.070
1.254,-0.077
1.254,-0.083
1.254,-0.090
1.254,-0.096
1.255,-0.106
1.255,-0.114
1.255,-0.124
1.254,-0.131
1.255,-0.144
1.254,-0.154
1.254,-0.166
1.253,-0.179
1.254,-0.195
1.254,-0.213
1.255,-0.235
1.253,-0.251
1.255,-0.281
1.253,-0.304
1.256,-0.348
1.254,-0.383
1.253,-0.426
1.251,-0.478
1.257,-0.587
1.256,-0.688
1.256,-0.828
1.254,-1.026
1.232,-1.088
1.203,-1.088
1.175,-1.088
1.146,-1.088
1.117,-1.088
1.089,-1.088
1.060,-1.088
1.031,-1.088
0.910,-1.838
0.862,-1.838
1.014,-0.686
1.014,-0.590
1.014,-0.516
1.014,-0.456
1.014,-0.408
1.014,-0.367
1.014,-0.333
1.014,-0.303
1.014,-0.277
1.014,-0.255
1.014,-0.235
1.014,-0.217
1.014,-0.200
1.014,-0.186
1.014,-0.172
1.014,-0.160
1.014,-0.149
1.014,-0.138
1.014,-0.128
1.014,-0.119
1.014,-0.111
1.014,-0.103
1.014,-0.095
1.014,-0.088
1.014,-0.082
1.014,-0.075
1.014,-0.069
1.009,-0.068
0.759,-0.270
0.759,-0.254
0.759,-0.239
0.759,-0.224
0.759,-0.210
0.759,-0.196
0.759,-0.183
0.759,-0.170
0.759,-0.157
0.759,-0.145
0.759,-0.133
0.759,-0.121
0.759,-0.110
0.759,-0.099
0.759,-0.088
0.759,-0.077
0.759,-0.066
0.759,-0.056
0.759,-0.046
0.759,-0.036
0.759,-0.026
0.759,-0.016
0.759,-0.006
0.759,0.004
0.759,0.014
0.759,0.024
0.759,0.033
0.759,0.043
0.759,0.052
0.759,0.062
0.759,0.072
0.759,0.081
0.759,0.091
0.759,0.101
0.759,0.111
0.759,0.121
0.759,0.131
0.759,0.141
0.759,0.151
0.759,0.161
0.759,0.172
0.759,0.183
0.759,0.193
0.759,0.204
0.760,0.216
0.760,0.227
0.760,0.239
0.760,0.251
0.760,0.264
1.202,0.113
1.202,0.109
1.202,0.106
1.202,0.102
1.202,0.099
1.202,0.095
1.202,0.092
1.202,0.089
1.202,0.086
1.202,0.083
1.202,0.080
1.202,0.077
1.202,0.074
1.202,0.071
1.202,0.068
1.202,0.065
1.202,0.062
1.202,0.059
1.202,0.056
1.202,0.053
1.202,0.051
1.202,0.048
1.202,0.045
1.202,0.042
1.202,0.039
1.202,0.036
1.202,0.033
1.202,0.031
1.202,0.028
1.202,0.025
1.202,0.022
1.202,0.019
1.202,0.016
1.202,0.013
1.202,0.009
1.202,0.006
1.202,0.003
1.202,-0.000
1.202,-0.004
1.202,-0.007
1.202,-0.011
1.202,-0.015
1.202,-0.018
1.202,-0.022
1.202,-0.026
1.202,-0.030
1.202,-0.035
1.202,-0.039
1.202,-0.044
1.202,-0.049
1.202,-0.054
1.202,-0.059
1.202,-0.065
1.201,-0.070
1.202,-0.077
1.202,-0.083
1.202,-0.090
1.201,-0.097
1.203,-0.106
1.203,-0.114
1.203,-0.124
1.202,-0.132
1.203,-0.144
1.202,-0.154
1.201,-0.166
1.201,-0.179
1.201,-0.195
1.202,-0.213
1.203,-0.235
1.201,-0.251
1.203,-0.281
1.201,-0.305
1.204,-0.348
1.202,-0.383
1.201,-0.426
1.199,-0.479
1.205,-0.587
1.204,-0.689
1.204,-0.830
1.203,-1.033
1.175,-1.036
1.148,-1.036
1.121,-1.036
1.093,-1.036
1.066,-1.036
1.039,-1.036
1.011,-1.036
0.984,-1.036
0.864,-1.786
0.818,-1.786
0.962,-0.685
0.962,-0.590
0.962,-0.515
0.962,-0.456
0.962,-0.407
0.962,-0.367
0.962,-0.332
0.962,-0.303
0.962,-0.277
0.962,-0.254
0.962,-0.234
0.962,-0.216
0.962,-0.200
0.962,-0.185
0.962,-0.172
0.962,-0.160
0.962,-0.148
0.962,-0.138
0.962,-0.128
0.962,-0.119
0.962,-0.111
0.962,-0.103
0.962,-0.095
0.962,-0.088
0.962,-0.081
0.962,-0.075
0.962,-0.069
0.962,-0.063
0.962,-0.058
0.962,-0.052
0.962,-0.047
0.962,-0.042
0.962,-0.038
0.962,-0.033
0.962,-0.029
0.962,-0.024
0.962,-0.020
0.962,-0.016
0.953,-0.016
0.707,-0.121
0.707,-0.110
0.707,-0.099
0.707,-0.088
0.707,-0.077
0.707,-0.066
0.707,-0.056
0.707,-0.046
0.707,-0.036
0.707,-0.025
0.707,-0.016
0.707,-0.006
0.707,0.004
0.707,0.014
0.707,0.024
0.707,0.033
0.707,0.043
0.707,0.052
0.707,0.062
0.707,0.072
0.707,0.081
0.707,0.091
0.707,0.101
0.707,0.111
0.707,0.121
0.707,0.131
0.707,0.141
0.707,0.151
0.707,0.161
0.707,0.172
0.707,0.182
0.707,0.193
0.707,0.204
0.707,0.216
0.707,0.227
0.707,0.239
0.708,0.251
0.708,0.264
1.150,0.113
1.150,0.109
1.150,0.106
1.150,0.102
1.150,0.099
1.150,0.095
1.150,0.092
1.150,0.089
1.150,0.086
1.150,0.083
1.150,0.080
1.150,0.077
1.150,0.074
1.150,0.071
1.150,0.068
1.150,0.065
1.150,0.062
1.150,0.059
1.150,0.056
1.150,0.053
1.150,0.051
1.150,0.048
1.150,0.045
1.150,0.042
1.150,0.039
1.150,0.036
1.150,0.033
1.150,0.030
1.150,0.028
1.150,0.025
1.150,0.022
1.150,0.019
1.150,0.016
1.150,0.012
1.150,0.009
1.150,0.006
1.150,0.003
1.150,-0.001
1.150,-0.004
1.150,-0.007
1.150,-0.011
1.150,-0.015
1.150,-0.018
1.150,-0.022
1.150,-0.026
1.150,-0.031
1.150,-0.035
1.150,-0.039
1.150,-0.044
1.150,-0.049
1.150,-0.054
1.150,-0.059
1.150,-0.065
1.149,-0.070
1.150,-0.077
1.150,-0.083
1.150,-0.091
1.149,-0.097
1.151,-0.106
1.150,-0.115
1.151,-0.124
1.149,-0.132
1.151,-0.144
1.150,-0.155
1.149,-0.166
1.149,-0.180
1.149,-0.195
1.150,-0.214
1.151,-0.236
1.149,-0.252
1.151,-0.282
1.149,-0.305
1.151,-0.349
1.150,-0.384
1.148,-0.427
1.147,-0.480
1.153,-0.588
1.152,-0.690
1.152,-0.831
1.145,-0.984
1.119,-0.984
1.093,-0.984
1.067,-0.984
1.041,-0.984
1.015,-0.984
0.989,-0.984
0.963,-0.984
0.937,-0.984
0.911,-0.984
0.773,-1.734
0.910,-0.684
0.910,-0.589
0.910,-0.514
0.910,-0.455
0.910,-0.407
0.910,-0.366
0.910,-0.332
0.910,-0.302
0.910,-0.277
0.910,-0.254
0.910,-0.234
0.910,-0.216
0.910,-0.200
0.910,-0.185
0.910,-0.172
0.910,-0.160
0.910,-0.148
0.910,-0.138
0.910,-0.128
0.910,-0.119
0.910,-0.111
0.910,-0.103
0.910,-0.095
0.910,-0.088
0.910,-0.081
0.910,-0.075
0.910,-0.069
0.910,-0.063
0.910,-0.058
0.910,-0.052
0.910,-0.047
0.910,-0.042
0.910,-0.037
0.910,-0.033
0.910,-0.028
0.910,-0.024
0.910,-0.020
0.910,-0.016
0.910,-0.012
0.910,-0.008
0.910,-0.004
0.910,-0.000
0.910,0.003
0.910,0.007
0.910,0.010
0.910,0.014
0.910,0.017
0.910,0.021
0.910,0.024
0.910,0.027
0.910,0.030
0.910,0.034
0.904,0.036
0.655,0.024
0.655,0.033
0.655,0.043
0.655,0.052
0.655,0.062
0.655,0.072
0.655,0.081
0.655,0.091
0.655,0.101
0.655,0.111
0.655,0.121
0.655,0.131
0.655,0.141
0.655,0.151
0.655,0.161
0.655,0.172
0.655,0.182
0.655,0.193
0.655,0.204
0.655,0.216
0.655,0.227
0.655,0.239
0.655,0.251
0.655,0.264
1.097,0.113
1.097,0.109
1.097,0.106
1.097,0.102
1.098,0.099
1.098,0.096
1.098,0.092
1.098,0.089
1.098,0.086
1.098,0.083
1.098,0.080
1.098,0.077
1.098,0.074
1.098,0.071
1.098,0.068
1.098,0.065
1.098,0.062
1.098,0.059
1.098,0.056
1.098,0.053
1.098,0.051
1.098,0.048
1.098,0.045
1.098,0.042
1.098,0.039
1.098,0.036
1.098,0.033
1.098,0.030
1.098,0.028
1.098,0.025
1.098,0.022
1.098,0.019
1.098,0.016
1.098,0.012
1.098,0.009
1.098,0.006
1.098,0.003
1.098,-0.001
1.098,-0.004
1.098,-0.007
1.098,-0.011
1.098,-0.015
1.098,-0.019
1.098,-0.022
1.098,-0.026
1.098,-0.031
1.098,-0.035
1.098,-0.039
1.098,-0.044
1.098,-0.049
1.098,-0.054
1.098,-0.059
1.098,-0.065
1.097,-0.070
1.098,-0.077
1.098,-0.083
1.098,-0.091
1.097,-0.097
1.098,-0.107
1.098,-0.115
1.099,-0.124
1.097,-0.132
1.098,-0.145
1.098,-0.155
1.097,-0.166
1.097,-0.180
1.097,-0.196
1.098,-0.214
1.099,-0.236
1.097,-0.252
1.098,-0.282
1.096,-0.305
1.099,-0.349
1.098,-0.384
1.096,-0.427
1.095,-0.480
1.101,-0.589
1.100,-0.691
1.100,-0.832
1.087,-0.931
1.063,-0.931
1.038,-0.931
1.013,-0.931
0.989,-0.931
0.964,-0.931
0.939,-0.931
0.914,-0.931
0.890,-0.931
0.865,-0.931
0.728,-1.681
0.684,-1.681
0.857,-0.588
0.858,-0.514
0.857,-0.455
0.857,-0.406
0.857,-0.366
0.857,-0.332
0.857,-0.302
0.857,-0.276
0.857,-0.254
0.857,-0.234
0.857,-0.216
0.857,-0.200
0.857,-0.185
0.857,-0.172
0.857,-0.159
0.857,-0.148
0.857,-0.138
0.857,-0.128
0.857,-0.119
0.857,-0.110
0.858,-0.102
0.858,-0.095
0.858,-0.088
0.858,-0.081
0.858,-0.075
0.858,-0.069
0.858,-0.063
0.858,-0.057
0.858,-0.052
0.858,-0.047
0.858,-0.042
0.858,-0.037
0.858,-0.033
0.858,-0.028
0.858,-0.024
0.858,-0.020
0.858,-0.016
0.858,-0.012
0.858,-0.008
0.858,-0.004
0.858,-0.000
0.858,0.003
0.858,0.007
0.858,0.010
0.858,0.014
0.858,0.017
0.858,0.021
0.858,0.024
0.858,0.027
0.858,0.030
0.858,0.034
0.858,0.037
0.858,0.040
0.858,0.043
0.858,0.047
0.858,0.050
0.858,0.053
0.858,0.056
0.858,0.059
0.858,0.063
0.858,0.066
0.858,0.069
0.858,0.072
0.858,0.076
0.858,0.079
0.858,0.083
0.858,0.086
0.603,0.172
0.603,0.182
0.603,0.193
0.603,0.204
0.603,0.216
0.603,0.227
0.603,0.239
0.603,0.251
0.603,0.264
1.045,0.113
1.045,0.110
1.045,0.106
1.045,0.102
1.045,0.099
1.045,0.096
1.045,0.092
1.045,0.089
1.045,0.086
1.045,0.083
1.045,0.080
1.045,0.077
1.045,0.074
1.045,0.071
1.045,0.068
1.045,0.065
1.046,0.062
1.046,0.059
1.046,0.056
1.046,0.053
1.046,0.051
1.046,0.048
1.046,0.045
1.046,0.042
1.046,0.039
1.046,0.036
1.046,0.033
1.046,0.030
1.046,0.028
1.046,0.025
1.046,0.022
1.046,0.019
1.046,0.015
1.046,0.012
1.046,0.009
1.046,0.006
1.046,0.003
1.046,-0.001
1.046,-0.004
1.046,-0.008
1.046,-0.011
1.046,-0.015
1.046,-0.019
1.046,-0.023
1.046,-0.027
1.046,-0.031
1.046,-0.035
1.046,-0.040
1.046,-0.044
1.046,-0.049
1.046,-0.054
1.046,-0.059
1.046,-0.065
1.045,-0.070
1.046,-0.077
1.046,-0.084
1.046,-0.091
1.045,-0.097
1.046,-0.107
1.046,-0.115
1.047,-0.125
1.045,-0.132
1.046,-0.145
1.046,-0.155
1.045,-0.167
1.045,-0.180
1.045,-0.196
1.046,-0.214
1.047,-0.236
1.044,-0.252
1.046,-0.283
1.044,-0.306
1.047,-0.350
1.046,-0.385
1.044,-0.428
1.043,-0.481
1.049,-0.590
1.048,-0.692
1.047,-0.833
1.030,-0.879
1.006,-0.879
0.983,-0.879
0.959,-0.879
0.936,-0.879
0.913,-0.879
0.889,-0.879
0.866,-0.879
0.842,-0.879
0.819,-0.879
0.684,-1.629
0.641,-1.629
0.805,-0.587
0.805,-0.513
0.805,-0.454
0.805,-0.406
0.805,-0.366
0.805,-0.331
0.805,-0.302
0.805,-0.276
0.805,-0.253
0.805,-0.233
0.805,-0.215
0.805,-0.199
0.805,-0.185
0.805,-0.171
0.805,-0.159
0.805,-0.148
0.805,-0.137
0.805,-0.128
0.805,-0.119
0.805,-0.110
0.805,-0.102
0.805,-0.095
0.805,-0.088
0.805,-0.081
0.805,-0.075
0.805,-0.069
0.805,-0.063
0.805,-0.057
0.805,-0.052
0.805,-0.047
0.805,-0.042
0.805,-0.037
0.805,-0.033
0.805,-0.028
0.805,-0.024
0.805,-0.020
0.805,-0.016
0.805,-0.012
0.805,-0.008
0.805,-0.004
0.805,-0.000
0.805,0.003
0.805,0.007
0.805,0.010
0.805,0.014
0.805,0.017
0.805,0.021
0.805,0.024
0.805,0.027
0.805,0.031
0.806,0.034
0.806,0.037
0.806,0.040
0.806,0.043
0.806,0.047
0.806,0.050
0.806,0.053
0.806,0.056
0.806,0.059
0.806,0.063
0.806,0.066
0.806,0.069
0.806,0.072
0.806,0.076
0.806,0.079
0.806,0.083
0.806,0.086
0.806,0.089
0.806,0.093
0.806,0.097
0.806,0.100
0.806,0.104
0.806,0.108
0.806,0.112
0.806,0.116
0.806,0.120
0.993,0.113
0.993,0.110
0.993,0.106
0.993,0.102
0.993,0.099
0.993,0.096
0.993,0.092
0.993,0.089
0.993,0.086
0.993,0.083
0.993,0.080
0.993,0.077
0.993,0.074
0.993,0.071
0.993,0.068
0.993,0.065
0.993,0.062
0.993,0.059
0.993,0.056
0.993,0.053
0.993,0.051
0.993,0.048
0.993,0.045
0.993,0.042
0.993,0.039
0.993,0.036
0.993,0.033
0.993,0.030
0.993,0.027
0.993,0.025
0.993,0.022
0.993,0.019
0.993,0.015
0.993,0.012
0.993,0.009
0.993,0.006
0.993,0.003
0.994,-0.001
0.994,-0.004
0.994,-0.008
0.994,-0.011
0.994,-0.015
0.994,-0.019
0.994,-0.023
0.994,-0.027
0.994,-0.031
0.994,-0.035
0.994,-0.040
0.994,-0.044
0.994,-0.049
0.994,-0.054
0.994,-0.060
0.994,-0.065
0.993,-0.070
0.994,-0.077
0.994,-0.084
0.994,-0.091
0.993,-0.097
0.994,-0.107
0.994,-0.115
0.994,-0.125
0.993,-0.132
0.994,-0.145
0.993,-0.155
0.993,-0.167
0.993,-0.180
0.993,-0.196
0.994,-0.215
0.995,-0.237
0.992,-0.253
0.994,-0.283
0.992,-0.306
0.995,-0.350
0.994,-0.386
0.992,-0.428
0.991,-0.482
0.997,-0.591
0.996,-0.693
0.994,-0.827
0.972,-0.827
0.950,-0.827
0.928,-0.827
0.906,-0.827
0.884,-0.827
0.862,-0.827
0.840,-0.827
0.817,-0.827
0.795,-0.827
0.773,-0.827
0.639,-1.577
0.597,-1.577
0.555,-1.577
0.753,-0.512
0.753,-0.454
0.753,-0.405
0.753,-0.365
0.753,-0.331
0.753,-0.301
0.753,-0.276
0.753,-0.253
0.753,-0.233
0.753,-0.215
0.753,-0.199
0.753,-0.184
0.753,-0.171
0.753,-0.159
0.753,-0.148
0.753,-0.137
0.753,-0.128
0.753,-0.119
0.753,-0.110
0.753,-0.102
0.753,-0.095
0.753,-0.088
0.753,-0.081
0.753,-0.075
0.753,-0.069
0.753,-0.063
0.753,-0.057
0.753,-0.052
0.753,-0.047
0.753,-0.042
0.753,-0.037
0.753,-0.033
0.753,-0.028
0.753,-0.024
0.753,-0.020
0.753,-0.016
0.753,-0.012
0.753,-0.008
0.753,-0.004
0.753,-0.000
0.753,0.003
0.753,0.007
0.753,0.010
0.753,0.014
0.753,0.017
0.753,0.021
0.753,0.024
0.753,0.027
0.753,0.031
0.753,0.034
0.753,0.037
0.753,0.040
0.753,0.043
0.753,0.047
0.753,0.050
0.753,0.053
0.753,0.056
0.753,0.059
0.753,0.063
0.753,0.066
0.753,0.069
0.753,0.072
0.753,0.076
0.754,0.079
0.754,0.082
0.754,0.086
0.754,0.089
0.754,0.093
0.754,0.097
0.754,0.100
0.754,0.104
0.754,0.108
0.754,0.112
0.754,0.116
0.754,0.120
0.941,0.113
0.941,0.110
0.941,0.106
0.941,0.102
0.941,0.099
0.941,0.096
0.941,0.092
0.941,0.089
0.941,0.086
0.941,0.083
0.941,0.080
0.941,0.077
0.941,0.074
0.941,0.071
0.941,0.068
0.941,0.065
0.941,0.062
0.941,0.059
0.941,0.056
0.941,0.053
0.941,0.051
0.941,0.048
0.941,0.045
0.941,0.042
0.941,0.039
0.941,0.036
0.941,0.033
0.941,0.030
0.941,0.027
0.941,0.025
0.941,0.022
0.941,0.018
0.941,0.015
0.941,0.012
0.941,0.009
0.941,0.006
0.941,0.003
0.941,-0.001
0.941,-0.004
0.941,-0.008
0.941,-0.011
0.941,-0.015
0.941,-0.019
0.941,-0.023
0.941,-0.027
0.941,-0.031
0.941,-0.035
0.941,-0.040
0.941,-0.044
0.941,-0.049
0.941,-0.054
0.941,-0.060
0.941,-0.065
0.941,-0.070
0.942,-0.078
0.941,-0.084
0.942,-0.091
0.941,-0.097
0.942,-0.107
0.942,-0.115
0.942,-0.125
0.941,-0.133
0.942,-0.145
0.941,-0.155
0.941,-0.167
0.941,-0.181
0.941,-0.197
0.941,-0.215
0.942,-0.237
0.940,-0.253
0.942,-0.283
0.940,-0.307
0.943,-0.351
0.941,-0.386
0.940,-0.429
0.938,-0.482
0.944,-0.592
0.944,-0.694
0.935,-0.775
0.914,-0.775
0.893,-0.775
0.873,-0.775
0.852,-0.775
0.831,-0.775
0.810,-0.775
0.790,-0.775
0.769,-0.775
0.748,-0.775
0.727,-0.775
0.706,-0.775
0.554,-1.525
0.513,-1.525
0.472,-1.525
0.701,-0.453
0.701,-0.405
0.701,-0.365
0.701,-0.330
0.701,-0.301
0.701,-0.275
0.701,-0.253
0.701,-0.233
0.701,-0.215
0.701,-0.199
0.701,-0.184
0.701,-0.171
0.701,-0.159
0.701,-0.147
0.701,-0.137
0.701,-0.127
0.701,-0.118
0.701,-0.110
0.701,-0.102
0.701,-0.095
0.701,-0.087
0.701,-0.081
0.701,-0.074
0.701,-0.068
0.701,-0.063
0.701,-0.057
0.701,-0.052
0.701,-0.047
0.701,-0.042
0.701,-0.037
0.701,-0.033
0.701,-0.028
0.701,-0.024
0.701,-0.020
0.701,-0.016
0.701,-0.012
0.701,-0.008
0.701,-0.004
0.701,-0.000
0.701,0.003
0.701,0.007
0.701,0.010
0.701,0.014
0.701,0.017
0.701,0.021
0.701,0.024
0.701,0.027
0.701,0.031
0.701,0.034
0.701,0.037
0.701,0.040
0.701,0.043
0.701,0.047
0.701,0.050
0.701,0.053
0.701,0.056
0.701,0.059
0.701,0.063
0.701,0.066
0.701,0.069
0.701,0.072
0.701,0.076
0.701,0.079
0.701,0.082
0.701,0.086
0.701,0.089
0.701,0.093
0.701,0.097
0.701,0.100
0.701,0.104
0.701,0.108
0.701,0.112
0.702,0.116
0.702,0.120
0.889,0.113
0.889,0.110
0.889,0.106
0.889,0.103
0.889,0.099
0.889,0.096
0.889,0.092
0.889,0.089
0.889,0.086
0.889,0.083
0.889,0.080
0.889,0.077
0.889,0.074
0.889,0.071
0.889,0.068
0.889,0.065
0.889,0.062
0.889,0.059
0.889,0.056
0.889,0.053
0.889,0.051
0.889,0.048
0.889,0.045
0.889,0.042
0.889,0.039
0.889,0.036
0.889,0.033
0.889,0.030
0.889,0.027
0.889,0.024
0.889,0.021
0.889,0.018
0.889,0.015
0.889,0.012
0.889,0.009
0.889,0.006
0.889,0.003
0.889,-0.001
0.889,-0.004
0.889,-0.008
0.889,-0.011
0.889,-0.015
0.889,-0.019
0.889,-0.023
0.889,-0.027
0.889,-0.031
0.889,-0.035
0.889,-0.040
0.889,-0.045
0.889,-0.049
0.889,-0.055
0.889,-0.060
0.889,-0.065
0.889,-0.071
0.890,-0.078
0.889,-0.084
0.890,-0.091
0.889,-0.098
0.890,-0.107
0.890,-0.116
0.890,-0.125
0.889,-0.133
0.890,-0.146
0.889,-0.156
0.889,-0.167
0.889,-0.181
0.889,-0.197
0.889,-0.215
0.890,-0.237
0.888,-0.254
0.890,-0.284
0.888,-0.307
0.891,-0.351
0.889,-0.387
0.888,-0.430
0.886,-0.483
0.892,-0.592
0.892,-0.695
0.876,-0.722
0.857,-0.722
0.837,-0.722
0.817,-0.722
0.798,-0.722
0.779,-0.722
0.759,-0.722
0.740,-0.722
0.720,-0.722
0.701,-0.722
0.681,-0.722
0.661,-0.722
0.511,-1.472
0.471,-1.472
0.431,-1.472
0.649,-0.453
0.649,-0.404
0.649,-0.364
0.649,-0.330
0.649,-0.301
0.649,-0.275
0.649,-0.252
0.649,-0.232
0.649,-0.215
0.649,-0.198
0.649,-0.184
0.649,-0.171
0.649,-0.158
0.649,-0.147
0.649,-0.137
0.649,-0.127
0.649,-0.118
0.649,-0.110
0.649,-0.102
0.649,-0.094
0.649,-0.087
0.649,-0.081
0.649,-0.074
0.649,-0.068
0.649,-0.062
0.649,-0.057
0.649,-0.052
0.649,-0.047
0.649,-0.042
0.649,-0.037
0.649,-0.032
0.649,-0.028
0.649,-0.024
0.649,-0.020
0.649,-0.016
0.649,-0.012
0.649,-0.008
0.649,-0.004
0.649,-0.000
0.649,0.003
0.649,0.007
0.649,0.010
0.649,0.014
0.649,0.017
0.649,0.021
0.649,0.024
0.649,0.027
0.649,0.031
0.649,0.034
0.649,0.037
0.649,0.040
0.649,0.043
0.649,0.047
0.649,0.050
0.649,0.053
0.649,0.056
0.649,0.059
0.649,0.063
0.649,0.066
0.649,0.069
0.649,0.072
0.649,0.076
0.649,0.079
0.649,0.082
0.649,0.086
0.649,0.089
0.649,0.093
0.649,0.096
0.649,0.100
0.649,0.104
0.649,0.108
0.649,0.112
0.649,0.116
0.649,0.120
0.837,0.114
0.837,0.110
0.837,0.106
0.837,0.103
0.837,0.099
0.837,0.096
0.837,0.092
0.837,0.089
0.837,0.086
0.837,0.083
0.837,0.080
0.837,0.077
0.837,0.074
0.837,0.071
0.837,0.068
0.837,0.065
0.837,0.062
0.837,0.059
0.837,0.056
0.837,0.053
0.837,0.051
0.837,0.048
0.837,0.045
0.837,0.042
0.837,0.039
0.837,0.036
0.837,0.033
0.837,0.030
0.837,0.027
0.837,0.024
0.837,0.021
0.837,0.018
0.837,0.015
0.837,0.012
0.837,0.009
0.837,0.006
0.837,0.002
0.837,-0.001
0.837,-0.004
0.837,-0.008
0.837,-0.011
0.837,-0.015
0.837,-0.019
0.837,-0.023
0.837,-0.027
0.837,-0.031
0.837,-0.035
0.837,-0.040
0.837,-0.045
0.837,-0.050
0.837,-0.055
0.837,-0.060
0.837,-0.066
0.837,-0.071
0.837,-0.078
0.837,-0.084
0.838,-0.092
0.837,-0.098
0.838,-0.107
0.838,-0.116
0.838,-0.126
0.837,-0.133
0.838,-0.146
0.837,-0.156
0.837,-0.168
0.836,-0.181
0.837,-0.197
0.837,-0.216
0.838,-0.238
0.836,-0.254
0.838,-0.284
0.836,-0.308
0.839,-0.352
0.837,-0.387
0.836,-0.430
0.834,-0.484
0.840,-0.593
0.836,-0.670
0.817,-0.670
0.799,-0.670
0.781,-0.670
0.762,-0.670
0.744,-0.670
0.726,-0.670
0.708,-0.670
0.690,-0.670
0.672,-0.670
0.654,-0.670
0.635,-0.670
0.617,-0.670
0.598,-0.670
0.430,-1.420
0.391,-1.420
0.352,-1.420
0.339,-1.325
0.597,-0.364
0.597,-0.329
0.597,-0.300
0.597,-0.275
0.597,-0.252
0.597,-0.232
0.597,-0.214
0.597,-0.198
0.597,-0.184
0.597,-0.170
0.597,-0.158
0.597,-0.147
0.597,-0.137
0.597,-0.127
0.597,-0.118
0.597,-0.110
0.597,-0.102
0.597,-0.094
0.597,-0.087
0.597,-0.081
0.597,-0.074
0.597,-0.068
0.597,-0.062
0.597,-0.057
0.597,-0.052
0.597,-0.047
0.597,-0.042
0.597,-0.037
0.597,-0.032
0.597,-0.028
0.597,-0.024
0.597,-0.019
0.597,-0.015
0.597,-0.011
0.597,-0.008
0.597,-0.004
0.597,-0.000
0.597,0.003
0.597,0.007
0.597,0.011
0.597,0.014
0.597,0.017
0.597,0.021
0.597,0.024
0.597,0.027
0.597,0.031
0.597,0.034
0.597,0.037
0.597,0.040
0.597,0.043
0.597,0.047
0.597,0.050
0.597,0.053
0.597,0.056
0.597,0.059
0.597,0.063
0.597,0.066
0.597,0.069
0.597,0.072
0.597,0.076
0.597,0.079
0.597,0.082
0.597,0.086
0.597,0.089
0.597,0.093
0.597,0.096
0.597,0.100
0.597,0.104
0.597,0.108
0.597,0.112
0.597,0.116
0.597,0.120
0.802,0.102
0.802,0.098
0.802,0.095
0.802,0.091
0.802,0.088
0.802,0.084
0.802,0.081
0.802,0.077
0.802,0.074
0.802,0.070
0.802,0.067
0.802,0.064
0.802,0.061
0.802,0.057
0.802,0.054
0.802,0.051
0.802,0.048
0.802,0.044
0.802,0.041
0.802,0.038
0.802,0.035
0.802,0.031
0.802,0.028
0.802,0.025
0.802,0.021
0.802,0.018
0.802,0.014
0.802,0.011
0.802,0.007
0.802,0.004
0.802,0.000
0.802,-0.004
0.802,-0.007
0.802,-0.011
0.802,-0.015
0.802,-0.020
0.802,-0.024
0.802,-0.028
0.802,-0.033
0.802,-0.037
0.802,-0.042
0.802,-0.047
0.802,-0.052
0.802,-0.057
0.802,-0.063
0.802,-0.068
0.802,-0.075
0.802,-0.081
0.802,-0.088
0.802,-0.095
0.802,-0.102
0.802,-0.110
0.802,-0.119
0.801,-0.126
0.802,-0.137
0.802,-0.147
0.802,-0.159
0.801,-0.169
0.803,-0.186
0.803,-0.200
0.803,-0.217
0.801,-0.230
0.803,-0.254
0.802,-0.273
0.801,-0.296
0.801,-0.324
0.801,-0.358
0.802,-0.399
0.804,-0.452
0.800,-0.493
0.803,-0.578
0.794,-0.619
0.777,-0.620
0.760,-0.619
0.743,-0.619
0.726,-0.619
0.709,-0.620
0.692,-0.620
0.675,-0.620
0.659,-0.620
0.642,-0.620
0.625,-0.620
0.608,-0.620
0.591,-0.619
0.574,-0.619
0.426,-1.369
0.389,-1.369
0.352,-1.369
0.314,-1.369
0.303,-1.273
0.562,-0.314
0.562,-0.284
0.562,-0.258
0.562,-0.235
0.562,-0.216
0.562,-0.198
0.562,-0.182
0.562,-0.168
0.562,-0.155
0.562,-0.144
0.562,-0.133
0.562,-0.123
0.562,-0.114
0.562,-0.106
0.562,-0.098
0.562,-0.090
0.562,-0.083
0.562,-0.077
0.562,-0.071
0.562,-0.065
0.562,-0.059
0.562,-0.054
0.562,-0.049
0.562,-0.044
0.562,-0.039
0.562,-0.035
0.562,-0.031
0.562,-0.027
0.562,-0.023
0.562,-0.019
0.562,-0.015
0.562,-0.011
0.562,-0.008
0.562,-0.004
0.562,-0.001
0.562,0.002
0.562,0.006
0.562,0.009
0.562,0.012
0.562,0.015
0.562,0.018
0.562,0.021
0.562,0.024
0.562,0.027
0.562,0.030
0.562,0.033
0.562,0.036
0.562,0.038
0.562,0.041
0.562,0.044
0.562,0.047
0.562,0.050
0.562,0.052
0.562,0.055
0.562,0.058
0.562,0.061
0.562,0.064
0.562,0.067
0.562,0.069
0.562,0.072
0.562,0.075
0.562,0.078
0.562,0.081
0.562,0.084
0.562,0.087
0.562,0.091
0.562,0.094
0.562,0.097
0.562,0.101
0.562,0.104
0.562,0.107
0.562,0.111
0.562,0.115
0.562,0.119
0.562,0.123
0.562,0.127
0.562,0.131
0.756,0.105
0.756,0.101
0.756,0.097
0.756,0.093
0.756,0.090
0.756,0.086
0.756,0.082
0.756,0.079
0.756,0.075
0.756,0.072
0.756,0.068
0.756,0.065
0.756,0.061
0.756,0.058
0.756,0.054
0.756,0.051
0.756,0.047
0.756,0.044
0.756,0.041
0.756,0.037
0.756,0.034
0.756,0.030
0.756,0.027
0.756,0.023
0.756,0.020
0.756,0.016
0.756,0.013
0.756,0.009
0.756,0.005
0.756,0.001
0.756,-0.003
0.756,-0.006
0.756,-0.010
0.756,-0.015
0.756,-0.019
0.756,-0.023
0.756,-0.027
0.756,-0.032
0.756,-0.037
0.756,-0.042
0.756,-0.047
0.756,-0.052
0.756,-0.057
0.756,-0.063
0.756,-0.069
0.756,-0.075
0.756,-0.081
0.756,-0.088
0.756,-0.095
0.756,-0.102
0.756,-0.110
0.756,-0.118
0.756,-0.127
0.755,-0.136
0.757,-0.147
0.756,-0.158
0.757,-0.170
0.755,-0.181
0.757,-0.198
0.757,-0.213
0.758,-0.231
0.756,-0.245
0.757,-0.270
0.756,-0.290
0.755,-0.314
0.755,-0.343
0.755,-0.379
0.756,-0.423
0.758,-0.479
0.754,-0.522
0.749,-0.567
0.732,-0.567
0.717,-0.567
0.701,-0.567
0.685,-0.567
0.669,-0.567
0.654,-0.567
0.638,-0.567
0.623,-0.567
0.607,-0.567
0.592,-0.567
0.576,-0.567
0.561,-0.567
0.545,-0.567
0.529,-0.567
0.383,-1.317
0.347,-1.317
0.311,-1.317
0.275,-1.317
0.261,-1.236
0.516,-0.292
0.516,-0.263
0.516,-0.239
0.516,-0.218
0.516,-0.200
0.516,-0.183
0.516,-0.168
0.516,-0.155
0.516,-0.143
0.516,-0.132
0.516,-0.122
0.516,-0.113
0.516,-0.104
0.516,-0.096
0.516,-0.089
0.516,-0.082
0.516,-0.075
0.516,-0.069
0.516,-0.063
0.516,-0.058
0.516,-0.053
0.516,-0.048
0.516,-0.043
0.516,-0.038
0.516,-0.034
0.516,-0.030
0.516,-0.026
0.516,-0.022
0.516,-0.018
0.516,-0.015
0.516,-0.011
0.516,-0.008
0.516,-0.004
0.516,-0.001
0.516,0.002
0.516,0.005
0.516,0.008
0.516,0.011
0.516,0.014
0.516,0.017
0.516,0.020
0.516,0.023
0.516,0.026
0.516,0.028
0.516,0.031
0.516,0.034
0.516,0.036
0.516,0.039
0.516,0.042
0.516,0.044
0.516,0.047
0.516,0.050
0.516,0.052
0.516,0.055
0.516,0.057
0.516,0.060
0.516,0.063
0.516,0.065
0.516,0.068
0.516,0.071
0.516,0.074
0.516,0.076
0.516,0.079
0.516,0.082
0.516,0.085
0.516,0.088
0.516,0.091
0.516,0.094
0.516,0.097
0.516,0.101
0.516,0.104
0.516,0.107
0.516,0.111
0.516,0.114
0.516,0.118
0.516,0.122
0.516,0.126
0.710,0.108
0.710,0.104
0.710,0.100
0.710,0.096
0.710,0.092
0.710,0.088
0.710,0.084
0.710,0.080
0.710,0.076
0.710,0.073
0.710,0.069
0.710,0.065
0.710,0.062
0.710,0.058
0.710,0.055
0.710,0.051
0.710,0.047
0.710,0.044
0.710,0.040
0.710,0.037
0.710,0.033
0.710,0.029
0.710,0.026
0.710,0.022
0.710,0.018
0.710,0.015
0.710,0.011
0.710,0.007
0.710,0.003
0.710,-0.001
0.710,-0.005
0.710,-0.009
0.710,-0.013
0.710,-0.018
0.710,-0.022
0.710,-0.027
0.710,-0.031
0.710,-0.036
0.710,-0.041
0.710,-0.046
0.710,-0.051
0.710,-0.057
0.710,-0.062
0.710,-0.068
0.710,-0.075
0.710,-0.081
0.710,-0.088
0.710,-0.095
0.710,-0.102
0.710,-0.110
0.710,-0.118
0.710,-0.127
0.710,-0.136
0.709,-0.145
0.710,-0.157
0.710,-0.168
0.710,-0.181
0.709,-0.192
0.711,-0.210
0.711,-0.226
0.711,-0.245
0.709,-0.260
0.711,-0.286
0.710,-0.307
0.709,-0.333
0.709,-0.363
0.709,-0.401
0.710,-0.447
0.710,-0.499
0.699,-0.513
0.684,-0.514
0.669,-0.514
0.655,-0.514
0.640,-0.514
0.626,-0.514
0.612,-0.513
0.598,-0.514
0.583,-0.514
0.569,-0.514
0.555,-0.514
0.541,-0.514
0.527,-0.514
0.513,-0.514
0.498,-0.514
0.484,-0.514
0.339,-1.264
0.305,-1.264
0.270,-1.264
0.235,-1.263
0.214,-1.211
0.214,-1.100
0.208,-1.023
0.470,-0.220
0.470,-0.200
0.470,-0.183
0.470,-0.168
0.470,-0.154
0.470,-0.142
0.470,-0.130
0.470,-0.120
0.470,-0.111
0.470,-0.102
0.470,-0.094
0.470,-0.087
0.470,-0.080
0.470,-0.073
0.470,-0.067
0.470,-0.062
0.470,-0.056
0.470,-0.051
0.470,-0.046
0.470,-0.041
0.470,-0.037
0.470,-0.033
0.470,-0.029
0.470,-0.025
0.470,-0.021
0.470,-0.017
0.470,-0.014
0.470,-0.010
0.470,-0.007
0.470,-0.004
0.470,-0.001
0.470,0.002
0.470,0.005
0.470,0.008
0.470,0.011
0.470,0.014
0.470,0.016
0.470,0.019
0.470,0.022
0.470,0.024
0.470,0.027
0.470,0.030
0.470,0.032
0.470,0.035
0.470,0.037
0.470,0.040
0.470,0.042
0.470,0.045
0.470,0.047
0.470,0.049
0.470,0.052
0.470,0.054
0.470,0.057
0.470,0.059
0.470,0.062
0.470,0.064
0.470,0.067
0.470,0.069
0.470,0.072
0.470,0.075
0.470,0.077
0.470,0.080
0.470,0.083
0.470,0.085
0.470,0.088
0.470,0.091
0.470,0.094
0.470,0.097
0.470,0.100
0.470,0.103
0.470,0.107
0.470,0.110
0.470,0.114
0.470,0.117
0.470,0.121
0.664,0.111
0.664,0.106
0.664,0.102
0.664,0.098
0.665,0.094
0.665,0.090
0.664,0.086
0.665,0.082
0.664,0.078
0.665,0.074
0.665,0.070
0.664,0.066
0.664,0.062
0.665,0.059
0.665,0.055
0.665,0.051
0.665,0.047
0.665,0.044
0.665,0.040
0.665,0.036
0.665,0.032
0.665,0.029
0.665,0.025
0.665,0.021
0.665,0.017
0.665,0.013
0.665,0.009
0.665,0.005
0.665,0.001
0.665,-0.003
0.665,-0.008
0.665,-0.012
0.665,-0.016
0.665,-0.021
0.665,-0.025
0.665,-0.030
0.665,-0.035
0.665,-0.040
0.665,-0.045
0.665,-0.051
0.665,-0.056
0.665,-0.062
0.665,-0.068
0.665,-0.074
0.665,-0.080
0.665,-0.087
0.665,-0.094
0.665,-0.101
0.665,-0.109
0.665,-0.117
0.665,-0.126
0.665,-0.135
0.665,-0.145
0.664,-0.154
0.665,-0.167
0.665,-0.178
0.665,-0.192
0.664,-0.204
0.666,-0.223
0.666,-0.239
0.666,-0.259
0.664,-0.274
0.666,-0.302
0.665,-0.324
0.664,-0.351
0.663,-0.383
0.664,-0.422
0.662,-0.462
0.649,-0.462
0.635,-0.462
0.622,-0.462
0.608,-0.462
0.595,-0.462
0.582,-0.462
0.569,-0.462
0.556,-0.462
0.543,-0.462
0.530,-0.462
0.517,-0.462
0.504,-0.462
0.492,-0.462
0.479,-0.462
0.466,-0.462
0.453,-0.462
0.440,-0.462
0.427,-0.462
0.263,-1.212
0.230,-1.212
0.196,-1.212
0.167,-1.197
0.169,-1.078
0.169,-0.984
0.169,-0.904
0.425,-0.183
0.425,-0.167
0.425,-0.153
0.425,-0.140
0.425,-0.129
0.425,-0.118
0.425,-0.109
0.424,-0.100
0.424,-0.092
0.425,-0.084
0.424,-0.077
0.425,-0.071
0.425,-0.065
0.425,-0.059
0.425,-0.054
0.425,-0.049
0.425,-0.044
0.425,-0.040
0.425,-0.035
0.425,-0.031
0.425,-0.027
0.425,-0.023
0.425,-0.020
0.425,-0.016
0.425,-0.013
0.425,-0.010
0.425,-0.006
0.425,-0.003
0.424,-0.000
0.425,0.003
0.425,0.005
0.425,0.008
0.425,0.011
0.424,0.014
0.424,0.016
0.424,0.019
0.425,0.021
0.425,0.024
0.425,0.026
0.425,0.029
0.425,0.031
0.425,0.033
0.425,0.036
0.425,0.038
0.425,0.040
0.425,0.043
0.425,0.045
0.425,0.047
0.425,0.049
0.425,0.052
0.425,0.054
0.425,0.056
0.425,0.059
0.425,0.061
0.425,0.063
0.425,0.066
0.425,0.068
0.425,0.070
0.425,0.073
0.425,0.075
0.425,0.078
0.425,0.080
0.425,0.083
0.425,0.086
0.425,0.088
0.425,0.091
0.425,0.094
0.425,0.097
0.425,0.100
0.425,0.103
0.425,0.106
0.425,0.109
0.425,0.112
0.425,0.116
0.619,0.113
0.619,0.109
0.619,0.104
0.619,0.100
0.619,0.096
0.619,0.092
0.619,0.087
0.619,0.083
0.619,0.079
0.619,0.075
0.619,0.071
0.619,0.067
0.619,0.063
0.620,0.059
0.619,0.055
0.619,0.051
0.619,0.047
0.619,0.043
0.619,0.039
0.619,0.036
0.619,0.032
0.619,0.028
0.619,0.024
0.619,0.020
0.619,0.015
0.619,0.011
0.619,0.007
0.619,0.003
0.620,-0.001
0.620,-0.006
0.620,-0.010
0.620,-0.015
0.619,-0.019
0.620,-0.024
0.620,-0.029
0.620,-0.034
0.620,-0.039
0.620,-0.044
0.620,-0.050
0.620,-0.055
0.620,-0.061
0.620,-0.067
0.620,-0.073
0.620,-0.079
0.620,-0.086
0.620,-0.093
0.620,-0.101
0.620,-0.108
0.620,-0.116
0.620,-0.125
0.620,-0.134
0.620,-0.143
0.620,-0.154
0.619,-0.163
0.620,-0.177
0.620,-0.189
0.620,-0.203
0.619,-0.215
0.621,-0.235
0.621,-0.252
0.621,-0.273
0.619,-0.289
0.621,-0.317
0.620,-0.341
0.619,-0.369
0.620,-0.406
0.608,-0.410
0.596,-0.410
0.583,-0.410
0.571,-0.410
0.559,-0.410
0.547,-0.410
0.535,-0.410
0.523,-0.410
0.512,-0.410
0.500,-0.410
0.488,-0.410
0.477,-0.410
0.465,-0.410
0.454,-0.410
0.442,-0.410
0.431,-0.410
0.419,-0.410
0.407,-0.410
0.396,-0.410
0.384,-0.410
0.222,-1.160
0.190,-1.160
0.158,-1.160
0.125,-1.160
0.124,-1.056
0.124,-0.964
0.124,-0.886
0.124,-0.817
0.124,-0.757
0.379,-0.138
0.379,-0.126
0.379,-0.116
0.379,-0.106
0.379,-0.097
0.379,-0.089
0.379,-0.082
0.379,-0.075
0.379,-0.068
0.379,-0.062
0.379,-0.057
0.379,-0.051
0.379,-0.046
0.379,-0.042
0.379,-0.037
0.379,-0.033
0.379,-0.029
0.379,-0.025
0.379,-0.022
0.379,-0.018
0.379,-0.015
0.379,-0.011
0.379,-0.008
0.379,-0.005
0.379,-0.002
0.379,0.001
0.379,0.003
0.379,0.006
0.379,0.009
0.379,0.011
0.379,0.014
0.379,0.016
0.379,0.019
0.379,0.021
0.379,0.023
0.379,0.026
0.379,0.028
0.379,0.030
0.379,0.032
0.379,0.034
0.379,0.037
0.379,0.039
0.379,0.041
0.380,0.043
0.379,0.045
0.379,0.047
0.379,0.049
0.379,0.051
0.379,0.054
0.379,0.056
0.379,0.058
0.379,0.060
0.379,0.062
0.379,0.064
0.379,0.067
0.380,0.069
0.380,0.071
0.380,0.073
0.380,0.076
0.380,0.078
0.379,0.080
0.380,0.083
0.380,0.085
0.380,0.088
0.380,0.090
0.380,0.093
0.380,0.096
0.380,0.099
0.380,0.102
0.380,0.105
0.380,0.108
0.380,0.111
0.574,0.116
0.574,0.111
0.574,0.107
0.574,0.102
0.574,0.098
0.574,0.093
0.574,0.089
0.574,0.085
0.574,0.080
0.574,0.076
0.574,0.072
0.574,0.068
0.574,0.064
0.574,0.060
0.574,0.055
0.574,0.051
0.574,0.047
0.574,0.043
0.574,0.039
0.574,0.035
0.574,0.031
0.574,0.027
0.574,0.023
0.574,0.018
0.574,0.014
0.574,0.010
0.574,0.005
0.574,0.001
0.575,-0.004
0.575,-0.008
0.574,-0.013
0.574,-0.017
0.574,-0.022
0.575,-0.027
0.574,-0.032
0.575,-0.037
0.574,-0.043
0.574,-0.048
0.575,-0.054
0.575,-0.060
0.575,-0.066
0.574,-0.072
0.574,-0.078
0.575,-0.085
0.575,-0.092
0.574,-0.099
0.575,-0.107
0.575,-0.115
0.574,-0.123
0.575,-0.132
0.574,-0.142
0.575,-0.152
0.575,-0.162
0.574,-0.172
0.575,-0.186
0.575,-0.199
0.575,-0.214
0.573,-0.226
0.576,-0.247
0.576,-0.265
0.576,-0.286
0.574,-0.303
0.576,-0.333
0.575,-0.358
0.563,-0.358
0.551,-0.358
0.540,-0.358
0.529,-0.358
0.518,-0.358
0.507,-0.358
0.496,-0.358
0.486,-0.358
0.475,-0.359
0.465,-0.358
0.454,-0.358
0.444,-0.358
0.434,-0.359
0.424,-0.359
0.413,-0.358
0.403,-0.358
0.393,-0.358
0.383,-0.358
0.372,-0.358
0.362,-0.358
0.351,-0.358
0.341,-0.358
0.180,-1.108
0.150,-1.108
0.119,-1.108
0.088,-1.108
0.079,-1.034
0.079,-0.944
0.079,-0.867
0.079,-0.800
0.079,-0.741
0.079,-0.689
0.079,-0.642
0.079,-0.600
0.079,-0.561
0.334,-0.085
0.334,-0.078
0.334,-0.071
0.334,-0.065
0.334,-0.059
0.334,-0.053
0.334,-0.048
0.334,-0.043
0.334,-0.039
0.334,-0.035
0.334,-0.030
0.334,-0.027
0.334,-0.023
0.334,-0.019
0.334,-0.016
0.334,-0.013
0.334,-0.010
0.334,-0.007
0.334,-0.004
0.334,-0.001
0.334,0.002
0.334,0.004
0.334,0.007
0.334,0.009
0.334,0.012
0.334,0.014
0.334,0.016
0.334,0.019
0.334,0.021
0.334,0.023
0.334,0.025
0.334,0.027
0.334,0.029
0.334,0.031
0.334,0.034
0.334,0.036
0.334,0.038
0.334,0.040
0.334,0.041
0.334,0.043
0.334,0.045
0.334,0.047
0.334,0.049
0.334,0.051
0.334,0.053
0.334,0.055
0.334,0.057
0.334,0.059
0.334,0.061
0.334,0.063
0.334,0.065
0.334,0.067
0.334,0.069
0.334,0.071
0.334,0.073
0.334,0.076
0.334,0.078
0.334,0.080
0.334,0.082
0.334,0.085
0.334,0.087
0.334,0.090
0.334,0.092
0.334,0.095
0.334,0.097
0.334,0.100
0.334,0.103
0.334,0.106
0.529,0.119
0.529,0.114
0.529,0.109
0.529,0.104
0.529,0.100
0.529,0.095
0.529,0.091
0.529,0.086
0.529,0.082
0.529,0.077
0.529,0.073
0.529,0.069
0.529,0.064
0.529,0.060
0.529,0.056
0.529,0.051
0.529,0.047
0.529,0.043
0.529,0.039
0.529,0.034
0.529,0.030
0.529,0.026
0.529,0.021
0.529,0.017
0.529,0.013
0.529,0.008
0.529,0.004
0.529,-0.001
0.529,-0.006
0.529,-0.010
0.529,-0.015
0.529,-0.020
0.529,-0.025
0.529,-0.030
0.529,-0.035
0.529,-0.041
0.529,-0.046
0.529,-0.052
0.529,-0.058
0.529,-0.064
0.529,-0.070
0.529,-0.077
0.529,-0.083
0.529,-0.090
0.530,-0.098
0.529,-0.105
0.530,-0.113
0.529,-0.122
0.529,-0.130
0.529,-0.140
0.529,-0.149
0.530,-0.160
0.529,-0.171
0.528,-0.181
0.530,-0.196
0.529,-0.209
0.530,-0.225
0.528,-0.238
0.531,-0.259
0.531,-0.278
0.531,-0.300
0.523,-0.306
0.513,-0.307
0.502,-0.306
0.492,-0.306
0.482,-0.306
0.472,-0.306
0.462,-0.306
0.453,-0.307
0.443,-0.306
0.434,-0.307
0.424,-0.306
0.415,-0.307
0.406,-0.307
0.397,-0.306
0.388,-0.306
0.379,-0.307
0.370,-0.307
0.361,-0.307
0.352,-0.307
0.343,-0.307
0.334,-0.307
0.325,-0.307
0.316,-0.307
0.307,-0.307
0.298,-0.307
0.139,-1.057
0.110,-1.056
0.080,-1.056
0.051,-1.056
0.034,-1.012
0.034,-0.924
0.034,-0.849
0.034,-0.783
0.034,-0.725
0.034,-0.674
0.034,-0.628
0.034,-0.587
0.034,-0.549
0.034,-0.515
0.034,-0.484
0.034,-0.455
0.034,-0.428
0.034,-0.403
0.034,-0.380
0.034,-0.358
0.289,-0.035
0.289,-0.031
0.289,-0.027
0.289,-0.024
0.289,-0.020
0.289,-0.017
0.289,-0.014
0.289,-0.010
0.289,-0.007
0.289,-0.005
0.289,-0.002
0.289,0.001
0.289,0.003
0.289,0.006
0.289,0.008
0.289,0.010
0.289,0.013
0.289,0.015
0.289,0.017
0.289,0.019
0.289,0.021
0.289,0.023
0.289,0.025
0.289,0.027
0.289,0.029
0.289,0.031
0.289,0.033
0.289,0.035
0.289,0.037
0.289,0.038
0.289,0.040
0.289,0.042
0.289,0.044
0.289,0.046
0.289,0.047
0.289,0.049
0.289,0.051
0.289,0.053
0.289,0.055
0.289,0.056
0.289,0.058
0.289,0.060
0.289,0.062
0.289,0.064
0.289,0.066
0.289,0.067
0.289,0.069
0.289,0.071
0.289,0.073
0.289,0.075
0.289,0.077
0.289,0.079
0.289,0.082
0.289,0.084
0.289,0.086
0.289,0.088
0.289,0.091
0.289,0.093
0.289,0.096
0.289,0.098
0.289,0.101
0.484,0.148
0.484,0.142
0.484,0.137
0.484,0.131
0.484,0.126
0.484,0.121
0.484,0.116
0.484,0.111
0.484,0.106
0.484,0.101
0.484,0.096
0.484,0.092
0.484,0.087
0.484,0.082
0.484,0.078
0.484,0.073
0.484,0.069
0.484,0.064
0.484,0.060
0.484,0.056
0.484,0.051
0.484,0.047
0.484,0.042
0.484,0.038
0.484,0.034
0.484,0.029
0.484,0.025
0.484,0.020
0.484,0.016
0.484,0.011
0.484,0.006
0.484,0.002
0.484,-0.003
0.484,-0.008
0.484,-0.013
0.484,-0.018
0.484,-0.023
0.484,-0.028
0.484,-0.033
0.484,-0.039
0.484,-0.044
0.484,-0.050
0.484,-0.056
0.484,-0.062
0.484,-0.068
0.484,-0.075
0.484,-0.081
0.484,-0.088
0.484,-0.095
0.484,-0.103
0.484,-0.111
0.484,-0.119
0.484,-0.128
0.483,-0.136
0.485,-0.147
0.484,-0.157
0.485,-0.168
0.483,-0.178
0.485,-0.193
0.485,-0.206
0.486,-0.221
0.483,-0.232
0.485,-0.252
0.478,-0.256
0.468,-0.256
0.458,-0.256
0.449,-0.256
0.440,-0.256
0.431,-0.256
0.422,-0.256
0.413,-0.256
0.405,-0.256
0.396,-0.256
0.388,-0.256
0.380,-0.256
0.372,-0.256
0.364,-0.256
0.356,-0.256
0.348,-0.256
0.341,-0.256
0.333,-0.256
0.325,-0.256
0.318,-0.256
0.310,-0.256
0.302,-0.256
0.295,-0.256
0.287,-0.256
0.279,-0.256
0.271,-0.256
0.264,-0.256
0.256,-0.256
0.248,-0.256
0.068,-1.006
0.040,-1.006
0.011,-1.006
-0.016,-1.001
-0.011,-0.901
-0.011,-0.828
-0.011,-0.764
-0.011,-0.708
-0.011,-0.658
-0.011,-0.613
-0.011,-0.573
-0.011,-0.536
-0.011,-0.503
-0.011,-0.472
-0.011,-0.444
-0.011,-0.418
-0.011,-0.394
-0.011,-0.371
-0.011,-0.350
-0.011,-0.330
-0.011,-0.311
-0.011,-0.294
-0.011,-0.277
-0.011,-0.261
-0.011,-0.246
-0.011,-0.231
-0.011,-0.217
-0.011,-0.204
-0.011,-0.191
-0.011,-0.179
-0.011,-0.167
-0.011,-0.155
-0.011,-0.144
-0.011,-0.133
-0.011,-0.123
0.244,0.016
0.244,0.018
0.244,0.020
0.244,0.022
0.244,0.023
0.244,0.025
0.244,0.027
0.244,0.029
0.244,0.031
0.244,0.033
0.244,0.034
0.244,0.036
0.244,0.038
0.244,0.039
0.244,0.041
0.244,0.043
0.244,0.044
0.244,0.046
0.244,0.048
0.244,0.049
0.244,0.051
0.244,0.053
0.244,0.054
0.244,0.056
0.244,0.058
0.244,0.059
0.244,0.061
0.244,0.063
0.244,0.064
0.244,0.066
0.244,0.068
0.244,0.070
0.244,0.072
0.244,0.073
0.244,0.075
0.244,0.077
0.244,0.079
0.244,0.081
0.244,0.083
0.244,0.086
0.431,0.148
0.431,0.142
0.431,0.137
0.431,0.131
0.431,0.126
0.431,0.121
0.431,0.116
0.431,0.111
0.431,0.106
0.431,0.101
0.431,0.096
0.431,0.092
0.431,0.087
0.431,0.082
0.431,0.078
0.431,0.073
0.431,0.069
0.431,0.064
0.431,0.060
0.431,0.056
0.431,0.051
0.431,0.047
0.431,0.042
0.431,0.038
0.431,0.034
0.431,0.029
0.431,0.025
0.431,0.020
0.431,0.016
0.431,0.011
0.431,0.006
0.431,0.002
0.431,-0.003
0.431,-0.008
0.431,-0.013
0.431,-0.018
0.431,-0.023
0.431,-0.028
0.431,-0.033
0.431,-0.039
0.431,-0.044
0.431,-0.050
0.431,-0.056
0.431,-0.062
0.431,-0.068
0.431,-0.075
0.431,-0.081
0.431,-0.088
0.431,-0.096
0.432,-0.103
0.432,-0.111
0.432,-0.119
0.432,-0.128
0.431,-0.136
0.432,-0.147
0.432,-0.157
0.432,-0.168
0.431,-0.178
0.433,-0.193
0.430,-0.203
0.421,-0.203
0.412,-0.203
0.404,-0.203
0.395,-0.203
0.387,-0.203
0.379,-0.203
0.371,-0.203
0.364,-0.203
0.357,-0.203
0.349,-0.203
0.342,-0.203
0.335,-0.203
0.328,-0.203
0.321,-0.203
0.315,-0.203
0.308,-0.203
0.302,-0.203
0.295,-0.203
0.289,-0.203
0.282,-0.203
0.276,-0.203
0.269,-0.203
0.263,-0.203
0.257,-0.203
0.250,-0.203
0.244,-0.203
0.238,-0.203
0.231,-0.203
0.225,-0.203
0.219,-0.203
0.212,-0.203
0.205,-0.203
0.199,-0.203
0.192,-0.203
-0.027,-0.953
-0.054,-0.953
-0.064,-0.900
-0.064,-0.827
-0.064,-0.763
-0.064,-0.707
-0.064,-0.657
-0.064,-0.613
-0.064,-0.572
-0.064,-0.536
-0.064,-0.502
-0.064,-0.472
-0.064,-0.444
-0.064,-0.418
-0.064,-0.393
-0.064,-0.371
-0.064,-0.350
-0.064,-0.330
-0.064,-0.311
-0.064,-0.293
-0.064,-0.276
-0.064,-0.260
-0.064,-0.245
-0.064,-0.231
-0.064,-0.217
-0.064,-0.204
-0.064,-0.191
-0.064,-0.178
-0.064,-0.166
-0.064,-0.155
-0.064,-0.144
-0.064,-0.133
-0.064,-0.123
-0.064,-0.112
-0.064,-0.102
-0.064,-0.093
-0.064,-0.083
-0.064,-0.074
-0.064,-0.065
-0.064,-0.056
-0.064,-0.047
-0.064,-0.038
-0.064,-0.029
-0.064,-0.021
-0.064,-0.013
-0.064,-0.004
-0.064,0.004
-0.064,0.012
-0.064,0.020
-0.064,0.028
-0.064,0.036
-0.064,0.045
-0.064,0.053
-0.064,0.061
-0.064,0.069
-0.064,0.077
-0.064,0.085
-0.064,0.093
-0.064,0.101
-0.064,0.110
-0.064,0.118
-0.063,0.127
0.188,0.067
0.191,0.068
0.191,0.070
0.191,0.072
0.191,0.073
0.191,0.075
0.191,0.077
0.191,0.079
0.191,0.081
0.191,0.083
0.191,0.085
0.378,0.148
0.378,0.142
0.379,0.137
0.379,0.131
0.379,0.126
0.379,0.121
0.379,0.116
0.379,0.111
0.379,0.106
0.379,0.101
0.379,0.096
0.379,0.092
0.379,0.087
0.379,0.082
0.379,0.078
0.379,0.073
0.379,0.069
0.379,0.064
0.379,0.060
0.379,0.056
0.379,0.051
0.379,0.047
0.379,0.042
0.379,0.038
0.379,0.034
0.379,0.029
0.379,0.025
0.379,0.020
0.379,0.016
0.379,0.011
0.379,0.006
0.379,0.002
0.379,-0.003
0.379,-0.008
0.379,-0.013
0.379,-0.018
0.379,-0.023
0.379,-0.028
0.379,-0.033
0.379,-0.039
0.379,-0.045
0.379,-0.050
0.379,-0.056
0.379,-0.062
0.379,-0.068
0.379,-0.075
0.379,-0.082
0.379,-0.089
0.379,-0.096
0.379,-0.103
0.379,-0.111
0.379,-0.120
0.379,-0.128
0.378,-0.136
0.379,-0.147
0.373,-0.150
0.364,-0.150
0.356,-0.150
0.349,-0.150
0.341,-0.150
0.334,-0.150
0.327,-0.150
0.320,-0.150
0.313,-0.150
0.307,-0.150
0.301,-0.150
0.295,-0.150
0.289,-0.150
0.283,-0.150
0.277,-0.150
0.271,-0.150
0.266,-0.150
0.260,-0.150
0.255,-0.150
0.250,-0.150
0.244,-0.150
0.239,-0.150
0.234,-0.150
0.229,-0.150
0.224,-0.150
0.219,-0.150
0.214,-0.150
0.209,-0.150
0.204,-0.150
0.199,-0.150
0.194,-0.150
0.189,-0.150
0.184,-0.150
0.179,-0.150
0.174,-0.150
0.169,-0.150
0.163,-0.150
0.158,-0.150
0.153,-0.150
0.147,-0.150
0.142,-0.150
-0.116,-0.898
-0.117,-0.826
-0.117,-0.763
-0.117,-0.706
-0.117,-0.657
-0.117,-0.612
-0.117,-0.572
-0.117,-0.535
-0.117,-0.502
-0.117,-0.471
-0.117,-0.443
-0.117,-0.417
-0.117,-0.393
-0.117,-0.370
-0.117,-0.349
-0.117,-0.329
-0.117,-0.311
-0.117,-0.293
-0.117,-0.276
-0.117,-0.260
-0.117,-0.245
-0.117,-0.231
-0.117,-0.217
-0.117,-0.203
-0.117,-0.191
-0.117,-0.178
-0.117,-0.166
-0.117,-0.155
-0.117,-0.144
-0.117,-0.133
-0.117,-0.122
-0.116,-0.112
-0.116,-0.102
-0.116,-0.092
-0.116,-0.083
-0.116,-0.074
-0.116,-0.064
-0.116,-0.056
-0.116,-0.047
-0.116,-0.038
-0.116,-0.029
-0.116,-0.021
-0.116,-0.013
-0.116,-0.004
-0.116,0.004
-0.116,0.012
-0.116,0.020
-0.116,0.028
-0.116,0.037
-0.116,0.045
-0.116,0.053
-0.116,0.061
-0.116,0.069
-0.116,0.077
-0.116,0.085
-0.116,0.093
-0.116,0.101
-0.116,0.110
-0.116,0.118
-0.116,0.126
-0.116,0.135
-0.116,0.144
-0.116,0.153
-0.116,0.162
-0.116,0.171
-0.116,0.180
-0.116,0.189
-0.116,0.199
-0.116,0.209
-0.116,0.219
-0.116,0.230
0.337,0.040
0.337,0.035
0.337,0.031
0.337,0.026
0.337,0.021
0.337,0.016
0.337,0.012
0.337,0.007
0.337,0.002
0.337,-0.003
0.337,-0.008
0.337,-0.013
0.336,-0.018
0.337,-0.024
0.337,-0.029
0.337,-0.034
0.337,-0.040
0.337,-0.046
0.337,-0.052
0.337,-0.058
0.337,-0.064
0.337,-0.070
0.337,-0.077
0.337,-0.084
0.337,-0.091
0.337,-0.099
0.329,-0.100
0.321,-0.100
0.312,-0.100
0.305,-0.100
0.297,-0.100
0.290,-0.100
0.283,-0.100
0.277,-0.100
0.271,-0.100
0.265,-0.100
0.259,-0.100
0.254,-0.100
0.248,-0.100
0.243,-0.100
0.238,-0.100
0.233,-0.100
0.229,-0.100
0.224,-0.100
0.219,-0.100
0.215,-0.100
0.211,-0.100
0.206,-0.100
0.202,-0.100
0.198,-0.100
0.194,-0.100
0.190,-0.100
0.186,-0.100
0.182,-0.100
0.178,-0.100
0.175,-0.100
0.171,-0.100
0.167,-0.100
0.163,-0.100
0.159,-0.100
0.156,-0.101
0.152,-0.100
0.148,-0.100
0.145,-0.100
0.141,-0.100
0.137,-0.100
0.133,-0.100
0.129,-0.100
0.125,-0.101
0.122,-0.100
0.118,-0.100
0.114,-0.100
0.110,-0.101
0.106,-0.100
0.101,-0.100
0.097,-0.100
-0.158,-0.713
-0.158,-0.661
-0.158,-0.616
-0.158,-0.574
-0.158,-0.537
-0.158,-0.503
-0.158,-0.472
-0.158,-0.444
-0.158,-0.417
-0.158,-0.393
-0.158,-0.370
-0.158,-0.349
-0.158,-0.329
-0.158,-0.310
-0.158,-0.293
-0.158,-0.276
-0.158,-0.260
-0.158,-0.245
-0.158,-0.230
-0.158,-0.217
-0.158,-0.203
-0.158,-0.191
-0.158,-0.178
-0.158,-0.167
-0.158,-0.155
-0.158,-0.144
-0.158,-0.134
-0.158,-0.123
-0.158,-0.113
-0.158,-0.103
-0.158,-0.094
-0.158,-0.084
-0.158,-0.075
-0.158,-0.066
-0.158,-0.057
-0.158,-0.049
-0.158,-0.040
-0.158,-0.032
-0.158,-0.023
-0.158,-0.015
-0.158,-0.007
-0.158,0.001
-0.158,0.009
-0.158,0.017
-0.158,0.025
-0.159,0.033
-0.157,0.041
-0.158,0.049
-0.158,0.056
-0.158,0.064
-0.159,0.072
-0.159,0.080
-0.159,0.088
-0.157,0.096
-0.158,0.104
-0.158,0.112
-0.157,0.120
-0.158,0.129
-0.157,0.137
-0.159,0.146
-0.158,0.154
-0.157,0.163
-0.157,0.172
-0.159,0.182
-0.159,0.191
-0.158,0.200
-0.158,0.210
-0.158,0.220
-0.158,0.230
-0.158,0.241
-0.158,0.252
-0.158,0.263
-0.158,0.275
-0.158,0.287
-0.158,0.300
-0.157,0.313
-0.157,0.326
-0.157,0.340
-0.156,0.355
-0.158,0.373
-0.158,0.389
-0.157,0.406
-0.158,0.427
-0.157,0.445
-0.159,0.468
-0.156,0.488
-0.157,0.513
-0.158,0.541
-0.158,0.570
-0.158,0.600
0.089,0.170
0.319,0.038
0.319,0.033
0.319,0.027
0.319,0.022
0.319,0.016
0.319,0.011
0.318,0.005
0.319,-0.001
0.318,-0.006
0.319,-0.012
0.319,-0.018
0.318,-0.024
0.318,-0.030
0.319,-0.037
0.319,-0.043
0.317,-0.049
0.304,-0.049
0.292,-0.049
0.281,-0.049
0.270,-0.049
0.261,-0.049
0.253,-0.049
0.245,-0.049
0.237,-0.049
0.230,-0.049
0.224,-0.049
0.218,-0.049
0.212,-0.049
0.207,-0.049
0.202,-0.049
0.197,-0.049
0.192,-0.049
0.188,-0.049
0.184,-0.049
0.180,-0.049
0.176,-0.049
0.172,-0.049
0.168,-0.049
0.165,-0.049
0.161,-0.049
0.158,-0.049
0.155,-0.049
0.152,-0.049
0.149,-0.049
0.146,-0.049
0.143,-0.049
0.140,-0.049
0.137,-0.049
0.135,-0.049
0.132,-0.049
0.129,-0.049
0.127,-0.049
0.124,-0.049
0.121,-0.049
0.119,-0.049
0.116,-0.049
0.114,-0.049
0.111,-0.049
0.109,-0.049
0.106,-0.049
0.104,-0.049
0.102,-0.049
0.099,-0.049
0.097,-0.049
0.094,-0.049
0.092,-0.049
0.089,-0.049
0.087,-0.049
0.084,-0.049
0.082,-0.049
0.079,-0.049
-0.125,-0.798
-0.149,-0.801
-0.172,-0.799
-0.176,-0.744
-0.176,-0.685
-0.176,-0.633
-0.176,-0.587
-0.176,-0.546
-0.176,-0.509
-0.176,-0.476
-0.176,-0.445
-0.176,-0.418
-0.176,-0.392
-0.176,-0.368
-0.176,-0.347
-0.176,-0.326
-0.176,-0.307
-0.176,-0.289
-0.176,-0.273
-0.176,-0.257
-0.176,-0.242
-0.176,-0.227
-0.177,-0.214
-0.177,-0.201
-0.177,-0.189
-0.177,-0.177
-0.177,-0.165
-0.177,-0.155
-0.177,-0.144
-0.177,-0.134
-0.177,-0.124
-0.177,-0.114
-0.177,-0.105
-0.177,-0.096
-0.177,-0.087
-0.177,-0.079
-0.177,-0.070
-0.177,-0.062
-0.177,-0.054
-0.177,-0.046
-0.176,-0.038
-0.176,-0.031
-0.176,-0.023
-0.176,-0.016
-0.176,-0.008
-0.177,-0.001
-0.176,0.006
-0.176,0.013
-0.177,0.020
-0.176,0.027
-0.177,0.034
-0.176,0.042
-0.176,0.049
-0.177,0.056
-0.176,0.063
-0.177,0.070
-0.177,0.077
-0.177,0.084
-0.176,0.091
-0.176,0.098
-0.176,0.105
-0.175,0.113
-0.176,0.120
-0.176,0.128
-0.177,0.136
-0.176,0.143
-0.176,0.151
-0.175,0.159
-0.177,0.168
-0.177,0.176
-0.177,0.184
-0.177,0.193
-0.176,0.202
-0.176,0.211
-0.176,0.221
-0.176,0.231
-0.176,0.241
-0.176,0.251
-0.176,0.262
-0.176,0.273
-0.176,0.285
-0.175,0.297
-0.175,0.310
-0.175,0.323
-0.177,0.339
-0.176,0.353
-0.175,0.368
-0.177,0.387
-0.175,0.403
-0.177,0.424
-0.175,0.442
-0.176,0.465
-0.176,0.489
-0.176,0.515
-0.176,0.542
-0.176,0.571
0.301,0.037
0.301,0.030
0.301,0.024
0.301,0.018
0.301,0.011
0.301,0.005
0.282,0.002
0.256,0.002
0.235,0.002
0.218,0.002
0.203,0.002
0.191,0.002
0.180,0.002
0.171,0.002
0.163,0.002
0.155,0.002
0.149,0.002
0.143,0.002
0.138,0.002
0.133,0.002
0.128,0.002
0.124,0.002
0.120,0.002
0.117,0.002
0.113,0.002
0.110,0.002
0.107,0.002
0.105,0.002
0.102,0.002
0.100,0.002
0.097,0.002
0.095,0.002
0.270,-1.503
0.231,-1.505
0.191,-1.500
0.152,-1.506
0.113,-1.506
0.074,-1.507
0.043,-0.747
0.023,-0.750
0.003,-0.748
-0.017,-0.747
-0.037,-0.747
-0.058,-0.748
-0.078,-0.748
-0.099,-0.750
-0.120,-0.747
-0.141,-0.749
-0.162,-0.747
-0.185,-0.750
-0.194,-0.712
-0.194,-0.652
-0.194,-0.599
-0.194,-0.553
-0.194,-0.513
-0.194,-0.476
-0.194,-0.444
-0.194,-0.414
-0.194,-0.388
-0.195,-0.363
-0.195,-0.341
-0.195,-0.320
-0.195,-0.301
-0.195,-0.283
-0.195,-0.266
-0.195,-0.250
-0.195,-0.235
-0.195,-0.221
-0.195,-0.208
-0.195,-0.195
-0.195,-0.183
-0.195,-0.172
-0.195,-0.161
-0.195,-0.151
-0.195,-0.141
-0.195,-0.131
-0.195,-0.122
-0.195,-0.113
-0.195,-0.104
-0.195,-0.095
-0.195,-0.087
-0.195,-0.079
-0.195,-0.071
-0.195,-0.064
-0.195,-0.056
-0.195,-0.049
-0.195,-0.042
-0.195,-0.035
-0.195,-0.028
-0.195,-0.022
-0.195,-0.015
-0.195,-0.008
-0.194,-0.002
-0.195,0.005
-0.194,0.011
-0.194,0.017
-0.195,0.024
-0.194,0.030
-0.195,0.036
-0.194,0.042
-0.194,0.049
-0.195,0.055
-0.194,0.061
-0.195,0.067
-0.195,0.073
-0.195,0.080
-0.194,0.086
-0.194,0.092
-0.195,0.099
-0.194,0.105
-0.194,0.112
-0.194,0.118
-0.195,0.125
-0.194,0.132
-0.194,0.139
-0.194,0.146
-0.195,0.154
-0.195,0.161
-0.195,0.169
-0.195,0.176
-0.195,0.184
-0.194,0.192
-0.194,0.201
-0.194,0.209
-0.194,0.218
-0.194,0.228
-0.194,0.237
-0.194,0.247
-0.194,0.258
-0.194,0.268
-0.193,0.279
-0.193,0.291
-0.195,0.305
-0.194,0.318
-0.193,0.331
-0.195,0.347
-0.194,0.362
-0.195,0.380
-0.193,0.396
-0.194,0.416
-0.194,0.438
-0.195,0.460
-0.194,0.485
-0.194,0.510
0.133,0.325
0.140,0.323
0.382,0.755
0.382,0.715
0.382,0.678
0.382,0.643
0.382,0.612
0.382,0.583
0.382,0.555
0.382,0.530
0.382,0.506
0.383,0.483
0.383,0.462
0.383,0.441
0.383,0.422
0.383,0.404
0.383,0.386
0.383,0.370
0.383,0.354
0.383,0.338
0.383,0.323
0.383,0.309
0.383,0.295
0.383,0.282
0.383,0.269
0.383,0.256
0.383,0.244
0.383,0.232
0.383,0.220
0.383,0.209
0.383,0.198
0.383,0.187
0.384,0.176
0.384,0.166
0.384,0.155
0.384,0.145
0.384,0.135
0.384,0.125
0.384,0.115
0.384,0.105
0.384,0.095
0.384,0.085
0.384,0.076
0.384,0.066
0.144,0.051
0.144,0.048
0.144,0.044
0.384,0.027
0.384,0.018
0.384,0.008
0.384,-0.002
0.384,-0.012
0.384,-0.022
0.383,-0.031
0.384,-0.042
0.384,-0.052
0.384,-0.062
0.383,-0.072
0.385,-0.084
0.385,-0.095
0.385,-0.106
0.383,-0.116
0.385,-0.129
0.384,-0.140
0.383,-0.152
0.383,-0.164
0.383,-0.177
0.384,-0.190
0.385,-0.205
0.382,-0.217
0.385,-0.233
0.382,-0.247
0.385,-0.265
0.384,-0.280
0.383,-0.296
0.381,-0.313
0.386,-0.336
0.385,-0.355
0.385,-0.375
0.384,-0.397
0.384,-0.420
0.384,-0.444
0.384,-0.471
0.384,-0.499
0.384,-0.529
0.384,-0.562
0.383,-0.597
0.383,-0.635
0.383,-0.677
0.382,-0.722
0.381,-0.771
0.379,-0.824
0.387,-0.908
0.385,-0.976
0.382,-1.050
0.377,-1.133
0.438,-1.453
0.397,-1.453
0.357,-1.453
0.317,-1.453
0.278,-1.453
0.119,-0.698
0.100,-0.698
0.081,-0.698
0.062,-0.698
0.043,-0.698
0.025,-0.698
0.006,-0.698
-0.013,-0.698
-0.032,-0.698
-0.051,-0.698
-0.069,-0.698
-0.088,-0.698
-0.108,-0.698
-0.112,-0.612
-0.112,-0.524
-0.112,-0.457
-0.112,-0.403
-0.112,-0.359
-0.112,-0.322
-0.112,-0.291
-0.112,-0.265
-0.112,-0.242
-0.112,-0.221
-0.112,-0.203
-0.112,-0.187
-0.112,-0.173
-0.112,-0.160
-0.112,-0.148
-0.112,-0.137
-0.112,-0.127
-0.112,-0.117
-0.112,-0.109
-0.112,-0.100
-0.112,-0.093
-0.112,-0.086
-0.111,-0.079
-0.111,-0.073
-0.111,-0.067
-0.111,-0.061
-0.111,-0.056
-0.111,-0.051
-0.111,-0.046
-0.111,-0.041
-0.111,-0.036
-0.111,-0.032
-0.111,-0.028
-0.111,-0.024
-0.111,-0.020
-0.111,-0.016
-0.111,-0.012
-0.111,-0.009
-0.111,-0.005
-0.111,-0.002
-0.111,0.002
-0.111,0.005
-0.111,0.008
-0.111,0.011
-0.111,0.014
-0.111,0.017
-0.111,0.021
-0.111,0.023
-0.111,0.026
-0.111,0.029
-0.111,0.032
-0.111,0.035
-0.111,0.038
0.293,0.773
0.293,0.728
0.294,0.688
0.294,0.652
0.294,0.618
0.294,0.587
0.294,0.559
0.294,0.532
0.294,0.507
0.294,0.484
0.294,0.462
0.294,0.442
0.294,0.423
0.295,0.404
0.295,0.387
0.295,0.370
0.295,0.355
0.295,0.339
0.295,0.325
0.295,0.311
0.295,0.298
0.295,0.285
0.295,0.272
0.295,0.260
0.295,0.248
0.295,0.237
0.055,0.103
0.055,0.100
0.055,0.096
0.060,0.095
0.068,0.095
0.076,0.095
0.086,0.094
0.101,0.095
0.113,0.094
0.134,0.095
0.151,0.094
0.181,0.095
0.218,0.095
0.268,0.095
0.295,0.091
0.295,0.082
0.295,0.073
0.295,0.064
0.295,0.055
0.295,0.047
0.295,0.038
0.295,0.029
0.296,0.021
0.296,0.012
0.296,0.003
0.296,-0.006
0.296,-0.015
0.294,-0.024
0.296,-0.033
0.296,-0.042
0.296,-0.052
0.294,-0.061
0.297,-0.071
0.296,-0.081
0.297,-0.091
0.295,-0.101
0.297,-0.112
0.295,-0.122
0.295,-0.133
0.295,-0.144
0.295,-0.156
0.296,-0.168
0.297,-0.181
0.294,-0.192
0.296,-0.207
0.294,-0.219
0.297,-0.235
0.296,-0.249
0.294,-0.263
0.293,-0.279
0.297,-0.300
0.297,-0.317
0.296,-0.335
0.296,-0.355
0.296,-0.376
0.296,-0.398
0.296,-0.422
0.295,-0.447
0.295,-0.475
0.295,-0.505
0.295,-0.536
0.295,-0.571
0.294,-0.609
0.294,-0.649
0.293,-0.694
0.291,-0.742
0.299,-0.818
0.296,-0.880
0.294,-0.947
0.290,-1.022
0.296,-1.146
0.331,-1.401
0.292,-1.401
0.254,-1.401
0.216,-1.401
0.178,-1.401
0.041,-0.646
0.023,-0.646
0.006,-0.646
-0.012,-0.646
-0.029,-0.646
-0.047,-0.646
-0.064,-0.646
-0.082,-0.646
-0.099,-0.645
-0.117,-0.645
-0.135,-0.645
-0.152,-0.645
-0.170,-0.645
-0.188,-0.644
-0.200,-0.618
-0.200,-0.547
-0.200,-0.489
-0.200,-0.441
-0.200,-0.400
-0.200,-0.365
-0.200,-0.334
-0.200,-0.308
-0.200,-0.284
-0.200,-0.263
-0.200,-0.243
-0.200,-0.226
-0.200,-0.210
-0.200,-0.196
-0.200,-0.183
-0.200,-0.170
-0.200,-0.159
-0.200,-0.148
-0.200,-0.138
-0.200,-0.129
-0.200,-0.120
-0.200,-0.112
-0.200,-0.104
-0.200,-0.096
-0.200,-0.089
-0.200,-0.082
-0.200,-0.076
-0.200,-0.070
-0.200,-0.064
-0.200,-0.058
-0.200,-0.052
-0.200,-0.047
-0.200,-0.042
-0.200,-0.037
-0.200,-0.032
-0.200,-0.027
-0.200,-0.022
-0.200,-0.018
-0.200,-0.013
-0.200,-0.009
-0.200,-0.005
-0.200,-0.001
-0.200,0.004
-0.200,0.008
-0.200,0.012
-0.200,0.016
-0.200,0.019
-0.200,0.023
-0.200,0.027
-0.200,0.031
-0.200,0.035
0.209,0.701
0.209,0.661
0.209,0.625
0.209,0.592
0.209,0.561
0.209,0.534
-0.029,0.154
-0.029,0.149
-0.029,0.145
-0.024,0.145
-0.021,0.145
-0.017,0.144
-0.013,0.144
-0.007,0.145
-0.002,0.145
0.002,0.145
0.008,0.145
0.013,0.145
0.019,0.145
0.026,0.145
0.032,0.145
0.040,0.145
0.048,0.145
0.056,0.145
0.065,0.145
0.075,0.144
0.086,0.144
0.098,0.144
0.116,0.146
0.131,0.146
0.147,0.145
0.165,0.145
0.184,0.144
0.210,0.144
0.211,0.135
0.211,0.127
0.211,0.119
0.211,0.110
0.211,0.102
0.211,0.094
0.211,0.086
0.211,0.078
0.211,0.071
0.211,0.063
0.211,0.055
0.211,0.047
0.211,0.039
0.211,0.031
0.211,0.023
0.211,0.015
0.211,0.007
0.211,-0.001
0.211,-0.009
0.210,-0.017
0.211,-0.025
0.211,-0.033
0.211,-0.042
0.210,-0.050
0.212,-0.059
0.212,-0.068
0.212,-0.077
0.210,-0.086
0.212,-0.096
0.211,-0.105
0.210,-0.115
0.210,-0.125
0.210,-0.135
0.211,-0.146
0.212,-0.158
0.210,-0.168
0.211,-0.181
0.210,-0.192
0.212,-0.207
0.211,-0.219
0.210,-0.232
0.209,-0.246
0.213,-0.265
0.212,-0.280
0.212,-0.297
0.211,-0.315
0.211,-0.333
0.211,-0.354
0.211,-0.375
0.211,-0.398
0.211,-0.423
0.211,-0.449
0.211,-0.478
0.210,-0.509
0.210,-0.543
0.209,-0.580
0.208,-0.620
0.207,-0.663
0.214,-0.732
0.212,-0.787
0.209,-0.848
0.205,-0.915
0.211,-1.027
0.268,-1.351
0.230,-1.351
0.193,-1.351
0.157,-1.351
0.120,-1.351
0.084,-1.351
0.049,-1.351
-0.048,-0.595
-0.065,-0.595
-0.081,-0.595
-0.097,-0.595
-0.113,-0.595
-0.130,-0.595
-0.146,-0.595
-0.162,-0.595
-0.179,-0.595
-0.195,-0.595
-0.212,-0.595
-0.228,-0.594
-0.245,-0.595
-0.262,-0.594
-0.279,-0.594
-0.285,-0.555
-0.285,-0.504
-0.285,-0.461
-0.285,-0.423
-0.285,-0.390
-0.285,-0.361
-0.285,-0.335
-0.285,-0.311
-0.285,-0.290
-0.285,-0.270
-0.285,-0.253
-0.285,-0.236
-0.285,-0.221
-0.285,-0.207
-0.285,-0.194
-0.285,-0.182
-0.285,-0.170
-0.285,-0.159
-0.285,-0.149
-0.285,-0.139
-0.285,-0.130
-0.285,-0.121
-0.285,-0.113
-0.284,-0.105
-0.284,-0.097
-0.284,-0.090
-0.284,-0.083
-0.284,-0.076
-0.284,-0.069
-0.284,-0.063
-0.284,-0.057
-0.284,-0.050
-0.284,-0.045
-0.284,-0.039
-0.284,-0.033
-0.284,-0.028
-0.284,-0.022
-0.284,-0.017
-0.284,-0.012
-0.284,-0.007
-0.284,-0.002
-0.284,0.003
-0.284,0.008
-0.284,0.013
-0.284,0.017
-0.284,0.022
-0.284,0.027
-0.284,0.031
-0.083,0.198
-0.078,0.198
-0.074,0.198
-0.069,0.198
-0.063,0.198
-0.058,0.199
-0.053,0.197
-0.047,0.198
-0.042,0.197
-0.035,0.199
-0.029,0.198
-0.023,0.197
-0.017,0.197
-0.008,0.199
-0.001,0.198
0.007,0.198
0.015,0.198
0.023,0.198
0.033,0.198
0.043,0.198
0.053,0.198
0.065,0.198
0.077,0.198
0.090,0.198
0.104,0.198
0.120,0.198
0.121,0.189
0.121,0.181
0.121,0.172
0.121,0.164
0.121,0.156
0.121,0.148
0.121,0.140
0.121,0.133
0.121,0.125
0.121,0.118
0.121,0.110
0.121,0.103
0.121,0.096
0.121,0.089
0.121,0.082
0.121,0.075
0.121,0.068
0.121,0.061
0.121,0.054
0.121,0.047
0.121,0.040
0.121,0.033
0.121,0.026
0.121,0.019
0.121,0.012
0.121,0.005
0.121,-0.002
0.121,-0.009
0.122,-0.016
0.121,-0.024
0.122,-0.031
0.121,-0.039
0.122,-0.047
0.122,-0.055
0.123,-0.063
0.121,-0.070
0.122,-0.079
0.121,-0.087
0.121,-0.096
0.121,-0.105
0.121,-0.114
0.121,-0.124
0.122,-0.134
0.120,-0.143
0.122,-0.154
0.120,-0.164
0.123,-0.177
0.121,-0.188
0.121,-0.199
0.120,-0.212
0.123,-0.228
0.122,-0.242
0.122,-0.257
0.122,-0.272
0.122,-0.289
0.122,-0.306
0.121,-0.325
0.121,-0.346
0.121,-0.368
0.121,-0.391
0.121,-0.417
0.121,-0.444
0.121,-0.474
0.120,-0.506
0.119,-0.542
0.118,-0.580
0.124,-0.641
0.122,-0.689
0.120,-0.743
0.117,-0.803
0.122,-0.901
0.117,-0.980
0.165,-1.298
0.129,-1.298
0.094,-1.298
0.059,-1.298
0.024,-1.298
-0.010,-1.298
-0.044,-1.298
-0.078,-1.298
-0.136,-0.543
-0.150,-0.543
-0.165,-0.542
-0.180,-0.542
-0.195,-0.542
-0.210,-0.542
-0.225,-0.542
-0.240,-0.542
-0.256,-0.542
-0.271,-0.541
-0.286,-0.542
-0.302,-0.541
-0.318,-0.541
-0.334,-0.543
-0.350,-0.540
-0.368,-0.545
-0.374,-0.518
-0.374,-0.478
-0.374,-0.443
-0.374,-0.411
-0.374,-0.383
-0.374,-0.357
-0.374,-0.334
-0.374,-0.313
-0.374,-0.293
-0.374,-0.275
-0.374,-0.258
-0.374,-0.242
-0.374,-0.227
-0.374,-0.214
-0.374,-0.201
-0.374,-0.188
-0.374,-0.177
-0.374,-0.166
-0.374,-0.155
-0.374,-0.145
-0.374,-0.135
-0.374,-0.126
-0.374,-0.117
-0.374,-0.109
-0.374,-0.101
-0.374,-0.093
-0.374,-0.085
-0.374,-0.077
-0.374,-0.070
-0.374,-0.063
-0.374,-0.056
-0.374,-0.050
-0.374,-0.043
-0.374,-0.037
-0.374,-0.030
-0.374,-0.024
-0.374,-0.018
-0.374,-0.012
-0.374,-0.006
-0.374,-0.000
-0.374,0.006
-0.374,0.011
-0.374,0.017
-0.374,0.023
-0.374,0.028
-0.109,0.250
-0.103,0.249
-0.097,0.249
-0.090,0.249
-0.083,0.249
-0.076,0.250
-0.070,0.248
-0.062,0.249
-0.055,0.248
-0.046,0.250
-0.038,0.249
-0.030,0.248
-0.021,0.248
-0.009,0.250
0.000,0.250
0.011,0.249
0.021,0.249
0.033,0.249
0.035,0.240
0.035,0.231
0.035,0.221
0.035,0.212
0.035,0.204
0.035,0.195
0.035,0.187
0.035,0.179
0.035,0.171
0.035,0.164
0.035,0.156
0.035,0.149
0.035,0.142
0.035,0.135
0.035,0.129
0.035,0.122
0.035,0.115
0.035,0.109
0.035,0.103
0.035,0.096
0.035,0.090
0.035,0.084
0.035,0.078
0.035,0.072
0.035,0.065
0.035,0.059
0.035,0.053
0.035,0.047
0.035,0.041
0.035,0.035
0.035,0.029
0.035,0.023
0.035,0.017
0.035,0.011
0.035,0.004
0.035,-0.002
0.036,-0.008
0.035,-0.015
0.036,-0.021
0.035,-0.027
0.036,-0.035
0.036,-0.041
0.036,-0.049
0.035,-0.055
0.036,-0.063
0.035,-0.070
0.035,-0.077
0.035,-0.085
0.035,-0.093
0.035,-0.102
0.036,-0.111
0.034,-0.118
0.036,-0.129
0.034,-0.137
0.036,-0.148
0.035,-0.158
0.035,-0.168
0.034,-0.178
0.037,-0.193
0.036,-0.205
0.036,-0.218
0.036,-0.231
0.036,-0.246
0.035,-0.261
0.035,-0.278
0.035,-0.295
0.035,-0.315
0.035,-0.335
0.035,-0.357
0.035,-0.381
0.035,-0.407
0.034,-0.435
0.033,-0.466
0.032,-0.500
0.037,-0.553
0.036,-0.595
0.034,-0.642
0.031,-0.694
0.036,-0.780
0.031,-0.848
0.035,-0.966
0.067,-1.247
0.034,-1.247
0.000,-1.247
-0.033,-1.247
-0.066,-1.247
-0.099,-1.247
-0.132,-1.247
-0.165,-1.247
-0.197,-1.247
-0.230,-1.249
-0.229,-0.492
-0.243,-0.491
-0.256,-0.491
-0.270,-0.491
-0.284,-0.491
-0.298,-0.491
-0.311,-0.490
-0.326,-0.492
-0.340,-0.490
-0.355,-0.490
-0.370,-0.492
-0.384,-0.490
-0.400,-0.494
-0.414,-0.489
-0.430,-0.490
-0.447,-0.492
-0.461,-0.486
-0.461,-0.452
-0.460,-0.422
-0.460,-0.395
-0.460,-0.371
-0.460,-0.348
-0.460,-0.327
-0.460,-0.307
-0.460,-0.289
-0.460,-0.272
-0.460,-0.256
-0.460,-0.241
-0.460,-0.226
-0.460,-0.213
-0.460,-0.200
-0.460,-0.188
-0.460,-0.176
-0.460,-0.165
-0.460,-0.154
-0.460,-0.144
-0.460,-0.134
-0.460,-0.124
-0.460,-0.115
-0.460,-0.106
-0.460,-0.098
-0.460,-0.089
-0.460,-0.081
-0.460,-0.073
-0.460,-0.065
-0.460,-0.058
-0.460,-0.050
-0.460,-0.043
-0.460,-0.036
-0.460,-0.029
-0.460,-0.022
-0.460,-0.015
-0.460,-0.008
-0.460,-0.001
-0.460,0.005
-0.460,0.012
-0.460,0.018
-0.460,0.025
-0.136,0.301
-0.128,0.300
-0.121,0.300
-0.112,0.300
-0.103,0.300
-0.094,0.301
-0.086,0.299
-0.076,0.301
-0.067,0.299
-0.056,0.301
-0.051,0.294
-0.051,0.282
-0.051,0.270
-0.051,0.259
-0.051,0.249
-0.051,0.239
-0.051,0.230
-0.051,0.221
-0.051,0.212
-0.051,0.204
-0.051,0.196
-0.051,0.188
-0.051,0.181
-0.051,0.174
-0.051,0.167
-0.051,0.160
-0.051,0.153
-0.051,0.147
-0.051,0.141
-0.051,0.135
-0.051,0.129
-0.051,0.123
-0.051,0.117
-0.051,0.111
-0.051,0.106
-0.051,0.100
-0.051,0.095
-0.051,0.089
-0.051,0.084
-0.051,0.079
-0.051,0.073
-0.051,0.068
-0.051,0.063
-0.051,0.058
-0.051,0.053
-0.051,0.047
-0.051,0.042
-0.051,0.037
-0.051,0.032
-0.051,0.027
-0.051,0.021
-0.051,0.016
-0.051,0.011
-0.051,0.006
-0.050,0.000
-0.051,-0.005
-0.050,-0.011
-0.051,-0.016
-0.050,-0.023
-0.050,-0.028
-0.050,-0.034
-0.051,-0.040
-0.050,-0.047
-0.051,-0.053
-0.051,-0.059
-0.051,-0.065
-0.051,-0.072
-0.051,-0.080
-0.050,-0.088
-0.051,-0.094
-0.050,-0.103
-0.051,-0.110
-0.050,-0.120
-0.051,-0.128
-0.051,-0.136
-0.052,-0.145
-0.050,-0.158
-0.050,-0.168
-0.050,-0.179
-0.050,-0.190
-0.050,-0.203
-0.051,-0.216
-0.051,-0.230
-0.051,-0.245
-0.051,-0.262
-0.051,-0.279
-0.051,-0.298
-0.051,-0.318
-0.051,-0.341
-0.052,-0.365
-0.052,-0.391
-0.053,-0.420
-0.049,-0.465
-0.050,-0.501
-0.052,-0.541
-0.054,-0.586
-0.050,-0.659
-0.054,-0.717
-0.051,-0.818
-0.048,-0.941
-0.027,-1.196
-0.059,-1.196
-0.091,-1.196
-0.123,-1.196
-0.154,-1.196
-0.186,-1.196
-0.217,-1.196
-0.248,-1.196
-0.280,-1.196
-0.311,-1.196
-0.342,-1.196
-0.302,-0.441
-0.315,-0.441
-0.327,-0.441
-0.340,-0.441
-0.352,-0.439
-0.365,-0.441
-0.378,-0.439
-0.391,-0.440
-0.405,-0.441
-0.418,-0.439
-0.433,-0.442
-0.445,-0.438
-0.460,-0.439
-0.475,-0.441
-0.489,-0.439
-0.507,-0.443
-0.522,-0.442
-0.538,-0.442
-0.547,-0.428
-0.547,-0.402
-0.546,-0.378
-0.546,-0.356
-0.546,-0.335
-0.546,-0.316
-0.546,-0.298
-0.546,-0.280
-0.546,-0.264
-0.546,-0.249
-0.546,-0.234
-0.546,-0.220
-0.546,-0.207
-0.546,-0.194
-0.546,-0.182
-0.546,-0.170
-0.546,-0.159
-0.546,-0.148
-0.546,-0.138
-0.546,-0.128
-0.546,-0.118
-0.546,-0.108
-0.546,-0.099
-0.546,-0.090
-0.546,-0.081
-0.546,-0.072
-0.546,-0.064
-0.546,-0.055
-0.546,-0.047
-0.546,-0.039
-0.546,-0.031
-0.546,-0.024
-0.546,-0.016
-0.546,-0.008
-0.546,-0.001
-0.546,0.007
-0.546,0.014
-0.546,0.022
-0.162,0.352
-0.153,0.351
-0.144,0.351
-0.137,0.345
-0.137,0.328
-0.137,0.313
-0.137,0.299
-0.137,0.286
-0.137,0.274
-0.137,0.263
-0.137,0.252
-0.137,0.242
-0.137,0.232
-0.137,0.223
-0.137,0.215
-0.137,0.207
-0.137,0.199
-0.137,0.191
-0.137,0.184
-0.137,0.177
-0.137,0.171
-0.137,0.165
-0.137,0.158
-0.137,0.152
-0.137,0.147
-0.137,0.141
-0.136,0.136
-0.136,0.130
-0.136,0.125
-0.136,0.120
-0.136,0.115
-0.136,0.110
-0.136,0.105
-0.136,0.101
-0.136,0.096
-0.136,0.091
-0.136,0.087
-0.136,0.082
-0.136,0.078
-0.136,0.074
-0.136,0.069
-0.136,0.065
-0.136,0.061
-0.136,0.056
-0.136,0.052
-0.136,0.048
-0.136,0.043
-0.136,0.039
-0.136,0.035
-0.136,0.030
-0.136,0.026
-0.136,0.022
-0.136,0.017
-0.137,0.013
-0.136,0.008
-0.136,0.004
-0.136,-0.001
-0.137,-0.005
-0.136,-0.010
-0.136,-0.015
-0.136,-0.020
-0.137,-0.025
-0.136,-0.030
-0.136,-0.035
-0.137,-0.041
-0.137,-0.046
-0.137,-0.052
-0.136,-0.058
-0.136,-0.064
-0.137,-0.070
-0.136,-0.077
-0.137,-0.083
-0.136,-0.091
-0.136,-0.098
-0.137,-0.105
-0.137,-0.112
-0.135,-0.123
-0.136,-0.131
-0.136,-0.140
-0.136,-0.150
-0.136,-0.160
-0.136,-0.171
-0.136,-0.183
-0.136,-0.195
-0.136,-0.209
-0.136,-0.223
-0.136,-0.239
-0.137,-0.256
-0.137,-0.274
-0.137,-0.294
-0.138,-0.316
-0.138,-0.340
-0.135,-0.377
-0.136,-0.408
-0.137,-0.441
-0.139,-0.478
-0.136,-0.538
-0.139,-0.587
-0.136,-0.670
-0.134,-0.773
-0.140,-0.855
-0.118,-1.145
-0.148,-1.145
-0.179,-1.145
-0.209,-1.145
-0.239,-1.145
-0.269,-1.145
-0.299,-1.145
-0.329,-1.145
-0.359,-1.145
-0.390,-1.145
-0.420,-1.145
-0.450,-1.145
-0.481,-1.145
-0.511,-1.145
-0.393,-0.389
-0.405,-0.390
-0.416,-0.389
-0.428,-0.389
-0.440,-0.390
-0.452,-0.388
-0.465,-0.392
-0.476,-0.388
-0.490,-0.389
-0.503,-0.390
-0.516,-0.389
-0.531,-0.392
-0.545,-0.391
-0.560,-0.391
-0.572,-0.387
-0.588,-0.388
-0.605,-0.390
-0.619,-0.387
-0.632,-0.382
-0.632,-0.360
-0.632,-0.339
-0.632,-0.320
-0.632,-0.302
-0.632,-0.285
-0.632,-0.268
-0.632,-0.253
-0.632,-0.238
-0.632,-0.224
-0.632,-0.210
-0.632,-0.197
-0.632,-0.184
-0.632,-0.172
-0.632,-0.160
-0.632,-0.149
-0.632,-0.138
-0.632,-0.127
-0.632,-0.117
-0.632,-0.106
-0.632,-0.097
-0.632,-0.087
-0.632,-0.077
-0.632,-0.068
-0.632,-0.059
-0.632,-0.050
-0.632,-0.041
-0.632,-0.032
-0.632,-0.024
-0.631,-0.015
-0.631,-0.007
-0.631,0.002
-0.631,0.010
-0.631,0.018
-0.224,0.330
-0.224,0.313
-0.224,0.297
-0.224,0.283
-0.224,0.270
-0.224,0.258
-0.224,0.247
-0.224,0.236
-0.224,0.227
-0.224,0.218
-0.224,0.209
-0.224,0.201
-0.224,0.194
-0.224,0.187
-0.224,0.180
-0.224,0.174
-0.224,0.168
-0.224,0.162
-0.224,0.156
-0.224,0.151
-0.224,0.145
-0.224,0.140
-0.224,0.136
-0.224,0.131
-0.224,0.126
-0.224,0.122
-0.224,0.118
-0.224,0.113
-0.224,0.109
-0.224,0.105
-0.224,0.101
-0.224,0.097
-0.224,0.094
-0.224,0.090
-0.224,0.086
-0.224,0.083
-0.224,0.079
-0.224,0.076
-0.223,0.072
-0.223,0.069
-0.223,0.065
-0.223,0.062
-0.223,0.058
-0.223,0.055
-0.223,0.052
-0.223,0.048
-0.223,0.045
-0.223,0.041
-0.223,0.038
-0.223,0.035
-0.223,0.031
-0.223,0.028
-0.223,0.024
-0.224,0.021
-0.223,0.017
-0.223,0.014
-0.223,0.010
-0.224,0.006
-0.223,0.002
-0.223,-0.002
-0.223,-0.005
-0.224,-0.009
-0.223,-0.013
-0.223,-0.017
-0.224,-0.022
-0.224,-0.026
-0.224,-0.030
-0.223,-0.035
-0.223,-0.040
-0.224,-0.045
-0.223,-0.050
-0.224,-0.055
-0.223,-0.061
-0.223,-0.067
-0.224,-0.072
-0.224,-0.078
-0.223,-0.086
-0.223,-0.093
-0.223,-0.100
-0.223,-0.108
-0.223,-0.116
-0.223,-0.125
-0.223,-0.134
-0.223,-0.144
-0.223,-0.154
-0.224,-0.166
-0.224,-0.178
-0.224,-0.192
-0.224,-0.206
-0.224,-0.222
-0.225,-0.239
-0.225,-0.258
-0.222,-0.288
-0.223,-0.312
-0.224,-0.338
-0.226,-0.367
-0.223,-0.415
-0.226,-0.454
-0.224,-0.519
-0.221,-0.601
-0.226,-0.666
-0.226,-0.787
-0.207,-1.093
-0.236,-1.093
-0.265,-1.093
-0.294,-1.093
-0.323,-1.093
-0.351,-1.093
-0.380,-1.093
-0.409,-1.093
-0.438,-1.093
-0.467,-1.093
-0.496,-1.093
-0.525,-1.093
-0.554,-1.093
-0.583,-1.090
-0.614,-1.093
-0.644,-1.090
-0.674,-1.090
-0.476,-0.338
-0.486,-0.336
-0.498,-0.339
-0.508,-0.336
-0.519,-0.336
-0.532,-0.338
-0.543,-0.336
-0.556,-0.339
-0.568,-0.339
-0.581,-0.339
-0.592,-0.335
-0.606,-0.336
-0.621,-0.338
-0.634,-0.335
-0.650,-0.337
-0.664,-0.335
-0.683,-0.338
-0.699,-0.337
-0.716,-0.337
-0.719,-0.321
-0.719,-0.303
-0.719,-0.285
-0.719,-0.269
-0.719,-0.253
-0.719,-0.238
-0.719,-0.223
-0.719,-0.209
-0.719,-0.196
-0.719,-0.183
-0.719,-0.170
-0.719,-0.158
-0.719,-0.146
-0.719,-0.134
-0.719,-0.123
-0.719,-0.112
-0.719,-0.101
-0.719,-0.091
-0.719,-0.080
-0.719,-0.070
-0.719,-0.060
-0.719,-0.050
-0.719,-0.041
-0.719,-0.031
-0.719,-0.022
-0.719,-0.012
-0.719,-0.003
-0.719,0.006
-0.719,0.015
